 30;80;0 
 46.240782415212585;31.191686331027206;1.0000000000000007 
 25.934905528036197;14.530210574268565;2.0000000000000013 
 11.407188732334259;11.937882571491578;2.99999999999998 
 4.966388817136375;13.290868170713672;3.9999999999999587 
 2.3303956869454048;16.82381954710588;4.999999999999938 
 1.2543748180478198;22.43949551329475;5.9999999999999165 
 0.8291177033876377;30.571941300930572;6.999999999999895 
 0.7331195632832145;41.96414400646673;7.999999999999874 
 0.9679912561764191;57.50995437999349;8.999999999999853 
 2.1725210277129134;77.41072826178957;9.999999999999831 
 8.850128589023727;94.93783540339528;10.99999999999981 
 37.84830252753383;70.86355021321931;11.999999999999789 
 43.93248549730936;24.96185624968984;12.999999999999767 
 22.26432299133053;13.024223849827665;13.999999999999746 
 9.557564292901983;11.616290533860976;14.999999999999725 
 4.152578280095294;13.43453903589678;15.999999999999703 
 1.9667371030014975;17.29242850185333;16.999999999999858 
 1.0789512668785661;23.24258233115735;18.000000000000014 
 0.7349523352975229;31.789276564373278;19.00000000000017 
 0.6792960927313018;43.72975839877229;20.000000000000327 
 0.9552606400742603;59.99398539549662;21.000000000000483 
 2.3352093488638195;80.63874560849892;22.00000000000064 
 10.4135992730536;97.05005464705229;23.000000000000796 
 42.47298219686094;65.14242885643445;24.000000000000952 
 42.375029388109084;21.953778787119468;25.00000000000111 
 20.409417094518975;12.179407489468835;26.000000000001265 
 8.62433583582482;11.32002743184564;27.00000000000142 
 3.726783524755601;13.349125863153182;28.000000000001577 
 1.764103829333489;17.337246070759473;29.000000000001734 
 0.9708084252963162;23.407009918047073;30.00000000000189 
 0.6659232401123412;32.09642525171102;31.000000000002046 
 0.6228978003100869;44.23305408947854;32.0000000000022 
 0.8928018163566795;60.78946253588781;33.000000000002004 
 2.248629414632044;81.88797730402234;34.000000000001805 
 10.484204415941834;98.72390391166056;35.000000000001606 
 43.98917426067627;64.8190444044095;36.00000000000141 
 42.768260148555306;21.113119696571854;37.00000000000121 
 20.213429151985874;11.7118473603844;38.00000000000101 
 8.437652375046131;10.953020329191082;39.00000000000081 
 3.6061277163801018;12.975607247122896;40.00000000000061 
 1.6864501681288875;16.90124189011972;41.00000000000041 
 0.9145703036565183;22.86316664921955;42.00000000000021 
 0.6158199380884392;31.39952088460201;43.000000000000014 
 0.562525169250727;43.34182007726338;43.999999999999815 
 0.7827283452725573;59.70608243742735;44.999999999999616 
 1.9084068832890009;80.89571380286432;45.99999999999942 
 8.828561062865719;99.93390836232103;46.99999999999922 
 41.92210303212851;71.01291809911058;47.99999999999902 
 45.62094449808586;22.40248447016676;48.99999999999882 
 21.808724913651513;11.579386730033558;49.99999999999862 
 9.017557977491887;10.501400034717975;50.99999999999842 
 3.7895581739683037;12.310738949589597;51.999999999998224 
 1.7307546391795285;15.986099303457259;52.999999999998025 
 0.9087201183935475;21.615120115528395;53.999999999997826 
 0.5855627962289756;29.702080443511004;54.99999999999763 
 0.5040289031393288;41.05124103719419;55.99999999999743 
 0.6481010712131814;56.700492699638154;56.99999999999723 
 1.4322871772037997;77.41768861696791;57.99999999999703 
 6.115648374112626;99.26232251692497;58.99999999999683 
 34.50175706635905;83.99313974789379;59.99999999999663 
 50.81219218579916;27.085284913955842;60.99999999999643 
 25.76570235487737;11.982066093862915;61.999999999996234 
 10.618130268752651;10.03206790586749;62.999999999996035 
 4.369638231245274;11.40821888251314;63.999999999995836 
 1.9298816428820362;14.655309162871045;64.99999999999635 
 0.965911989523961;19.746051506590256;65.99999999999686 
 0.5823596104292577;27.114363058042603;66.99999999999737 
 0.45748325142275664;37.50189743381534;67.99999999999788 
 0.5197100615406643;51.92225003443357;68.9999999999984 
 0.9773497552180368;71.42062526705548;69.9999999999989 
 3.5163579491215624;94.85404985397265;70.99999999999942 
 21.77262243409013;99.28042268706409;71.99999999999993 
 55.560463922776314;39.18722178439517;73.00000000000044 
 33.25960490090515;13.60468382720243;74.00000000000095 
 13.893492281931092;9.726469791230135;75.00000000000146 
 5.59923502015568;10.38321083787082;76.00000000000198 
 2.376260742433763;13.031469887392117;77.00000000000249 
 1.1209101562382637;17.412285854309115;78.000000000003 
 0.6215710086838202;23.84566990302157;79.00000000000351 
 0.4347350960117519;32.974096336359054;80.00000000000402 
 0.42109775535984617;45.729740998728516;81.00000000000453 
 0.6395309297478506;63.2589881813271;82.00000000000504 
 1.7731590927676046;86.0890749983236;83.00000000000556 
 9.757652960463025;105.88827756134036;84.00000000000607 
 48.94505442327103;66.73472964999806;85.00000000000658 
 45.65077749272807;18.712671605119322;86.00000000000709 
 20.299095910010504;10.020024835305291;87.0000000000076 
 8.080281636149596;9.432322095953547;88.00000000000811 
 3.2920589459308576;11.290953567256215;89.00000000000863 
 1.4553801615935764;14.826777802872932;90.00000000000914 
 0.7350424703836997;20.178782318260275;91.00000000000965 
 0.4509582513777645;27.853360895441497;92.00000000001016 
 0.3643066918127976;38.64986145689647;93.00000000001067 
 0.4318173917319923;53.652962283325756;94.00000000001118 
 0.865258289640227;74.0163737295461;95.0000000000117 
 3.420142215324914;98.66103650580489;96.00000000001221 
 23.685430408062818;101.80089516654056;97.00000000001272 
 58.45947906503882;36.07498125510463;98.00000000001323 
 32.7488564402878;12.236265475107219;99.00000000001374 
 13.264881956361581;8.9242213851271;100.00000000001425 
 5.2277386838161695;9.669989019174603;101.00000000001477 
 2.169315733763973;12.239004108323732;102.00000000001528 
 0.9965256007110271;16.43237199492542;103.00000000001579 
 0.5343028947083791;22.573311255543054;104.0000000000163 
 0.3575651138907307;31.28972331369951;105.00000000001681 
 0.32672835796252475;43.50129496120042;106.00000000001732 
 0.4599589655249855;60.404470879902185;107.00000000001783 
 1.1647407961489744;83.02366602068973;108.00000000001835 
 6.085994174851191;107.25842921914492;109.00000000001886 
 41.16060315341619;84.59297487026703;110.00000000001937 
 53.56510210797681;22.399150022203756;111.00000000001988 
 24.670578347869544;9.857413235220399;112.00000000002039 
 9.64786612045095;8.535011848960151;113.0000000000209 
 3.7988334340371046;9.929861299828909;114.00000000002142 
 1.5992373541045781;12.924894943922538;115.00000000002193 
 0.7548041748082029;17.552613414528448;116.00000000002244 
 0.4218546030844995;24.23373684799037;117.00000000002295 
 0.29983482180053744;33.67355525356259;118.00000000002346 
 0.2984226246586589;46.87481453086144;119.00000000002397 
 0.47348230790233986;65.1107396213839;120.00000000002449 
 1.4106029732438041;89.24995401973665;121.000000000025 
 8.836242011316735;111.85493411699385;122.00000000002551 
 52.6503248881968;69.50237159727565;123.00000000002602 
 48.43802099688176;17.11152532793703;124.00000000002653 
 20.645746870838;8.805512200717692;125.00000000002704 
 7.935316272538848;8.281934709260849;126.00000000002755 
 3.1156488274715164;9.965693491286286;127.00000000002807 
 1.3168686066225022;13.148663355317037;128.00000000002856 
 0.6274399871083609;17.960253246432586;129.00000000002765 
 0.3561474705142941;24.865042075047977;130.00000000002674 
 0.2590797274490274;34.603988872950175;131.00000000002584 
 0.26670464072737565;48.22101255784218;132.00000000002493 
 0.4441126488458136;67.04163720392687;133.00000000002402 
 1.4166138762169573;91.95281993320563;134.0000000000231 
 9.66340329385828;114.44155115877828;135.0000000000222 
 56.689929459632616;65.33657530159597;136.0000000000213 
 47.41706046926578;15.522518101774935;137.00000000002038 
 19.657643155026776;8.274851924776751;138.00000000001947 
 7.463035257493142;7.950832003691439;139.00000000001856 
 2.902804828242285;9.661228856612952;140.00000000001765 
 1.215083591023546;12.804263749914725;141.00000000001674 
 0.5722711891087705;17.529295774297445;142.00000000001583 
 0.3200376312924487;24.300529422026262;143.00000000001492 
 0.2282827751525687;33.85131728615561;144.000000000014 
 0.22894072428186427;47.21865840061152;145.0000000000131 
 0.3684131522673285;65.74996780993965;146.0000000000122 
 1.128074124570089;90.58424201225127;147.00000000001128 
 7.561267542297053;115.7361741511573;148.00000000001037 
 53.46778759867604;74.87927757014667;149.00000000000946 
 51.703755480248894;16.69219856658911;150.00000000000855 
 21.611539806499582;8.090541768369782;151.00000000000765 
 8.121882198183336;7.496553340776678;152.00000000000674 
 3.1065505532776987;9.002756073833154;153.00000000000583 
 1.2700792989017244;11.890098802773252;154.00000000000492 
 0.5789918033807944;16.264776227850916;155.000000000004 
 0.3095393247171052;22.54960539480997;156.0000000000031 
 0.20747660770954474;31.42689679410932;157.0000000000022 
 0.1909781547702299;43.87360369977935;158.00000000000128 
 0.273375266482501;61.20127136693563;159.00000000000037 
 0.7176149595138243;84.83110646573559;159.99999999999946 
 4.1226063638137935;112.85033788891361;160.99999999999855 
 38.12209191392242;99.2112336365804;161.99999999999764 
 61.72567689902966;22.88974507056203;162.99999999999673 
 27.699129342805662;8.510564591323993;163.99999999999582 
 10.37205684967918;7.009406204829955;164.9999999999949 
 3.8823228420591627;8.073218255014202;165.999999999994 
 1.5331655534525568;10.511283560814412;166.9999999999931 
 0.6649049135041477;14.309944901571152;167.99999999999218 
 0.3313959205041451;19.81027588160697;168.99999999999127 
 0.2014251993104797;27.60368111263524;169.99999999999037 
 0.16184744760397357;38.55564453456974;170.99999999998946 
 0.19204653681381267;53.86328794290974;171.99999999998855 
 0.3910108614061151;75.03525895014789;172.99999999998764 
 1.6486797738097911;102.83331552405528;173.99999999998673 
 15.367007869895236;121.32153805798079;174.99999999998582 
 69.43166947001528;45.69725592124338;175.9999999999849 
 41.19335710929185;10.811621491491234;176.999999999984 
 15.759388217057545;6.7767519458481305;177.9999999999831 
 5.782197332842776;7.054211938912369;178.99999999998218 
 2.193543023631728;8.86613075724555;179.99999999998127 
 0.8955200016490145;11.922922144824476;180.99999999998036 
 0.40949620730482467;16.435547597214416;181.99999999997945 
 0.22053436034201931;22.8706998927321;182.99999999997854 
 0.14966516128040358;31.94210405622043;183.99999999997763 
 0.14044594626006698;44.66303598841182;184.99999999997672 
 0.20701224016760547;62.40649042187256;185.9999999999758 
 0.5685275269174621;86.75262121581494;186.9999999999749 
 3.527713945427295;116.47755707525413;187.999999999974 
 38.04534214757619;105.17104687127733;188.99999999997308 
 65.43097505941802;22.12170946038893;189.99999999997218 
 28.595470329002048;7.713087111191199;190.99999999997127 
 10.468121851080511;6.27628625555274;191.99999999997036 
 3.8271490413671243;7.229170979432793;192.99999999996945 
 1.468466380319775;9.43043709115444;193.99999999996854 
 0.6131898595791434;12.860986971722841;194.99999999996763 
 0.2903453224154643;17.828867616773913;195.99999999996672 
 0.16448874149145273;24.8713272515078;196.9999999999658 
 0.11996409236761045;34.779124349639666;197.9999999999649 
 0.12459068705301693;48.66254415461127;198.999999999964 
 0.211639320170825;68.01051535625574;199.99999999996308 
 0.706867510550466;94.4090025513204;200.99999999996217 
 5.590884981425317;124.19474108351565;201.99999999996126 
 55.96892676422636;85.25614744768242;202.99999999996035 
 58.17487217476277;15.242785416705367;203.99999999995944 
 23.206652764811288;6.6158209743905445;204.99999999995853 
 8.34341334035311;5.992659606196648;205.99999999995762 
 3.036877848285093;7.1886376906171074;206.9999999999567 
 1.1662434853959338;9.521204527592545;207.9999999999558 
 0.48913973605781563;13.062481651994215;208.9999999999549 
 0.23344079265273138;18.154581685968896;209.99999999995399 
 0.133861048724918;25.357445633697296;210.99999999995308 
 0.09937223186786837;35.48518888506735;211.99999999995217 
 0.10587006160268145;49.6788152517992;212.99999999995126 
 0.18652508973943321;69.47440022370684;213.99999999995035 
 0.656560895334262;96.54277810433945;214.99999999994944 
 5.602135636335818;127.21104975023488;215.99999999994853 
 59.25361286380875;84.18483646073834;216.99999999994762 
 58.4277303471195;14.133438242104743;217.9999999999467 
 22.833656795153487;6.176956725304155;218.9999999999458 
 8.116435804395842;5.6466999951364185;219.9999999999449 
 2.922470910237441;6.8072808799916045;220.99999999994398 
 1.107901466640612;9.038566838620762;221.99999999994307 
 0.4568903178883297;12.41657263619218;222.99999999994216 
 0.21311817078023232;17.270072203794747;223.99999999994125 
 0.11842405797746773;24.134610574561275;224.99999999994034 
 0.08417380058046972;33.789041938052655;225.99999999993943 
 0.08445091036620504;47.328960741884764;226.99999999993852 
 0.1370112277062155;66.25122149323144;227.99999999993761 
 0.43200795444614076;92.36139645404654;228.9999999999367 
 3.2808533390183245;124.781265644668;229.9999999999358 
 44.36642240585805;107.7665514925063;230.9999999999349 
 68.30573123827895;18.1386039212251;231.99999999993398 
 27.777562456391294;6.268863721534348;232.99999999993307 
 9.810312908371111;5.224626851636855;233.99999999993216 
 3.472786510670074;6.1080408332800715;234.99999999993125 
 1.2832121683936166;8.03038998269423;235.99999999993034 
 0.5102952427687827;10.99740618461761;236.99999999992943 
 0.22620656873889602;15.282509967418132;237.99999999992852 
 0.11706068579022957;21.353936330673093;238.9999999999276 
 0.07533736176102591;29.90070350956633;239.9999999999267 
 0.0658184597613096;41.898866701621714;240.9999999999258 
 0.08813054263744209;58.70314110311518;241.99999999992488 
 0.21363198328777597;82.09951460785177;242.99999999992397 
 1.16421058982235;113.51378503309616;243.99999999992306 
 15.952439967975703;136.0345628729096;244.99999999992215 
 82.20159520551101;39.311736442324495;245.99999999992124 
 42.03859539412904;7.810374691253227;246.99999999992033 
 15.021082064830148;4.938064614021546;247.99999999991942 
 5.2222218877112;5.245730057781028;248.99999999991851 
 1.8663724611103198;6.6799571705400025;249.9999999999176 
 0.7064080178647875;9.050912479845225;250.9999999999167 
 0.2918880702126459;12.532472434186309;251.9999999999158 
 0.1368399031329431;17.490856940432455;252.99999999991488 
 0.07668759014786222;24.484497489483374;253.99999999991397 
 0.0552210621080374;34.31398446795979;254.99999999991306 
 0.05647800556052414;48.103883177576286;255.99999999991215 
 0.09425645715047286;67.40295307981543;256.99999999991127 
 0.3101445830041388;94.16631989315728;257.99999999991036 
 2.5357153837004645;128.449470280717;258.99999999990945 
 41.88127734768549;117.94997076210956;259.99999999990854 
 73.81819938023156;17.967015990896346;260.99999999990763 
 29.48001658173382;5.596400674977528;261.9999999999067 
 10.202793106449354;4.537638621939331;262.9999999999058 
 3.530608081772014;5.275052430666092;263.9999999999049 
 1.2674087839612678;6.932837855118367;264.999999999904 
 0.48481052082543236;9.500807958749425;265.9999999999031 
 0.2037433291235786;13.212352817695658;266.9999999999022 
 0.09791890626247066;18.472761241792323;267.99999999990126 
 0.056856809513774545;25.880689210795065;268.99999999990035 
 0.0430457310752865;36.28746270649359;269.99999999989944 
 0.04724067707484411;50.886387665697015;270.99999999989853 
 0.08702707874582848;71.31972858355323;271.9999999998976 
 0.3286454988598089;99.63875816054728;272.9999999998967 
 3.2287937277993404;135.14931421230875;273.9999999998958 
 55.207288972658695;106.23318888998031;274.9999999998949 
 69.43526175514017;13.77341870219687;275.999999999894 
 26.262659222688374;4.902441588953395;276.9999999998931 
 8.967291174113468;4.2344822060278124;277.99999999989217 
 3.0788037207557277;5.039413964732996;278.99999999989126 
 1.0972334438977394;6.680591473446165;279.99999999989035 
 0.4161713364156955;9.185721053628908;280.99999999988944 
 0.17298452300144096;12.792101457499367;281.99999999988853 
 0.08190815702525849;17.89713869063981;282.9999999998876 
 0.046596167828537094;25.083750369379285;283.9999999998867 
 0.03429164415659266;35.1797837709334;284.9999999998858 
 0.03618460996637367;49.34706304809092;285.9999999998849 
 0.06314665039262037;69.19487816627613;286.999999999884 
 0.2216457047804587;96.81882451468573;287.9999999998831 
 2.0032699867431267;132.9852917734874;288.99999999988216 
 40.63867702313837;127.23485023631943;289.99999999988125 
 79.01858642422067;17.146915242750573;290.99999999988034 
 30.76956774623741;4.885314427926407;291.99999999987944 
 10.43759641093198;3.8852222599234696;292.9999999998785 
 3.5359853590901316;4.504248091576136;293.9999999998776 
 1.2359563125083497;5.923233669644692;294.9999999998767 
 0.45618784326735184;8.124801316244907;295.9999999998758 
 0.18252801299108906;11.307211081057538;296.9999999998749 
 0.08194258689409824;15.817792800625496;297.999999999874 
 0.04326906899603439;22.170675887905066;298.99999999987307 
 0.028694230228357383;31.098325258110034;299.99999999987216 
 0.026181910674495105;43.631625369423766;300.99999999987125 
 0.037319083417048024;61.20982172118452;301.99999999987034 
 0.09903678779589165;85.79485008918421;302.99999999986943 
 0.6193690361710775;119.5354298787536;303.9999999998685 
 11.19937985815067;151.82691722137724;304.9999999998676 
 94.38163414999666;44.28811515723936;305.9999999998667 
 48.030595917885655;6.395484088179696;306.9999999998658 
 16.48627070936247;3.662267767414118;307.9999999998649 
 5.504232391225973;3.804381252860788;308.999999999864 
 1.8725782068896233;4.8284401954125;309.99999999986306 
 0.6640037859112975;6.547305046411981;310.99999999986215 
 0.2509522705586241;9.07751935056537;311.99999999986125 
 0.10397273911222348;12.682955579415816;312.99999999986034 
 0.04905764148652396;17.77006917630458;313.9999999998594 
 0.027788789188242635;24.924131923165856;314.9999999998585 
 0.020339047706409954;34.972518984794114;315.9999999998576 
 0.021309657389067843;49.07672740819947;316.9999999998567 
 0.03685078484376056;68.85497660627563;317.9999999998558 
 0.1280002977854167;96.48533638684594;318.9999999998549 
 1.1559581684778057;133.7714096451519;319.99999999985397 
 28.60355758923309;147.08675370805602;320.99999999985306 
 90.53298994983082;20.58841646189979;321.99999999985215 
 35.892547822120584;4.50315977353921;322.99999999985124 
 11.985293323370975;3.2693888458616476;323.99999999985033 
 3.9740800828626863;3.6906596493215944;324.9999999998494 
 1.3497005433746676;4.817948266469409;325.9999999998485 
 0.4788989798841675;6.59703252555253;326.9999999998476 
 0.18140693048474407;9.178774614678069;327.9999999998467 
 0.07545296384046617;12.842017142273221;328.9999999998458 
 0.03581058058068669;18.003560651704404;329.9999999998449 
 0.02045763994193863;25.259070447224996;330.99999999984396 
 0.015155011767725718;35.448913855362555;331.99999999984306 
 0.016151600060167;49.75268985723996;332.99999999984215 
 0.028612735542931048;69.81644063428973;333.99999999984124 
 0.10285005453594627;97.87408010010877;334.9999999998403 
 0.9772878047179965;135.98983133081538;335.9999999998394 
 26.851217304488298;153.0320192708587;336.9999999998385 
 94.33057926068892;20.514857846929377;337.9999999998376 
 37.024725408661055;4.178154963168583;338.9999999998367 
 12.2519294181933;2.9783359082600582;339.9999999998358 
 4.024324734621963;3.348556328845925;340.99999999983487 
 1.350669392039841;4.3687880316658765;341.99999999983396 
 0.4716681725917984;5.982825241799357;342.99999999983305 
 0.1747850553664449;8.325984467245291;343.99999999983214 
 0.0705086910321323;11.650891323426077;344.99999999983123 
 0.032064163698336756;16.33578897336744;345.9999999998303 
 0.017254828147790804;22.92152524067616;346.9999999998294 
 0.011757578143446043;32.171474589614704;347.9999999998285 
 0.011149885562908222;45.15820042562706;348.9999999998276 
 0.016784641273046772;63.38341794981427;349.9999999998267 
 0.04813641043155816;88.92504759548643;350.9999999998258 
 0.33725181202100685;124.35843600051136;351.99999999982487 
 7.537113131931275;164.01613972556012;352.99999999982396 
 104.3744022157872;51.711304566190805;353.99999999982305 
 54.315767422585886;5.449218520284074;354.99999999982214 
 18.14523972716295;2.8048669957652197;355.9999999998212 
 5.895687996448671;2.8365512846643433;356.9999999998203 
 1.9402974189526672;3.5792089912064955;357.9999999998194 
 0.658306025811672;4.850184454029107;358.9999999998185 
 0.23416226785971977;6.727232528730125;359.9999999998176 
 0.08917562550585456;9.403713122198406;360.9999999998167 
 0.03740539223826408;13.180719037111032;361.99999999981577 
 0.01797395250989721;18.493015454745436;362.99999999981486 
 0.010451323292811605;25.95613720708132;363.99999999981395 
 0.007938704439371773;36.43627474006931;364.99999999981304 
 0.008764837225467675;51.14924370430049;365.99999999981213 
 0.016318506512775412;71.79585520411474;366.9999999998112 
 0.06292978958638387;100.71485557751464;367.9999999998103 
 0.6629185505009785;140.44774910891547;368.9999999998094 
 22.536692738221806;165.9378920083114;369.9999999998085 
 103.11057382105545;20.79452731318307;370.9999999998076 
 39.815165006701605;3.5713849241842848;371.9999999998067 
 12.953414659027349;2.43089649434127;372.99999999980577 
 4.179721383311909;2.7028554044439;373.99999999980486 
 1.371754545895667;3.5186531377415617;374.99999999980395 
 0.46478440509102237;4.818132882243865;375.99999999980304 
 0.16519882217928875;6.706958509122728;376.9999999998021 
 0.062878649498852;9.387765200297164;377.9999999998012 
 0.02636258175320649;13.16524987476494;378.9999999998003 
 0.01266146326544844;18.475596475764455;379.9999999997994 
 0.007358006655322299;25.93482035821055;380.9999999997985 
 0.005585022517254686;36.40922546355026;381.9999999997976 
 0.0061605777193839565;51.11491937593054;382.99999999979667 
 0.011456916871988639;71.75502562939285;383.99999999979576 
 0.044131462577308746;100.6863234704995;384.99999999979485 
 0.4655469642001493;140.69662610649235;385.99999999979394 
 16.91446485520915;174.2879934184299;386.99999999979303 
 110.60624393876485;24.149176937493117;387.9999999997921 
 43.559685113866664;3.4280596596689255;388.9999999997912 
 14.082191057150446;2.1830787701128975;389.9999999997903 
 4.505209933026438;2.3803491066150566;390.9999999997894 
 1.461838021432563;3.0816768667801915;391.9999999997885 
 0.4876322408985047;4.213487717860019;392.9999999997876 
 0.16959785928390972;5.863220573689006;393.99999999978667 
 0.06262436037664046;8.206400777587305;394.99999999978576 
 0.025164295868621005;11.508819453432363;395.99999999978485 
 0.011387928207343818;16.15163570591419;396.99999999978394 
 0.006088815912666739;22.673454739069737;397.99999999978303 
 0.004112801728367167;31.831955108262335;398.9999999997821 
 0.0038537797811257655;44.69128966204119;399.9999999997812 
 0.005707104941551911;62.7442685787989;400.9999999997803 
 0.016010963259409327;88.07697946553044;401.9999999997794 
 0.1092339673587321;123.50859944895188;402.9999999997785 
 2.4950349590604333;169.93381097108912;403.9999999997776 
 94.5327739071413;98.08014715328655;404.99999999977666 
 73.09766493399054;5.916601794766614;405.99999999977575 
 24.17110272265014;2.1517558796789364;406.99999999977484 
 7.67360370856331;1.9583384010952416;407.99999999977393 
 2.448554938746411;2.396519337464299;408.999999999773 
 0.7964363223944451;3.219705142717881;409.9999999997721 
 0.2672010290575237;4.455718343265738;410.9999999997712 
 0.09377952330229188;6.225507545006609;411.9999999997703 
 0.03508893372441433;8.72589841651592;412.9999999997694 
 0.014367037569739434;12.243899369242856;413.9999999997685 
 0.006676069378338381;17.187004883140858;414.99999999976757 
 0.0037047035186706704;24.129331002420113;415.99999999976666 
 0.0026363057845080937;33.87779070622392;416.99999999976575 
 0.0026573118997016303;47.56544140580302;417.99999999976484 
 0.004358021067945747;66.7818945082971;418.99999999976393 
 0.0140973554424641;93.74930982773613;419.999999999763 
 0.11725421643346079;131.4631705839615;420.9999999997621 
 3.4974249652297646;179.77401575653235;421.9999999997612 
 115.30508259508882;72.3004658522016;422.9999999997603 
 66.46367654253616;4.376794884427912;423.9999999997594 
 21.520648051577485;1.8259463786375463;424.9999999997585 
 6.78038672490751;1.7451534264450033;425.99999999975756 
 2.149524973847134;2.1707938117483243;426.99999999975665 
 0.6938307187351854;2.932549567746688;427.99999999975574 
 0.23042905326680385;4.066126501561191;428.99999999975483 
 0.07975448354808065;5.685177538980582;429.9999999997539 
 0.029267785116553716;7.9707673982224465;430.999999999753 
 0.01166272481891379;11.185674309701625;431.9999999997521 
 0.005217298042656122;15.702490308543725;432.9999999997512 
 0.002745075499837529;22.0459507772366;433.9999999997503 
 0.0018130888470263516;30.953510048584324;434.9999999997494 
 0.0016465383801707954;43.460808885610966;435.99999999974847 
 0.0023342376745391167;61.02151978725423;436.99999999974756 
 0.006163252475994249;85.67314354275645;437.99999999974665 
 0.03869361151783385;120.23869578689437;438.99999999974574 
 0.8024703673572952;167.70454898857196;439.99999999974483 
 54.134254639148836;161.70345015190557;440.9999999997439 
 96.71295707621032;8.143697905036824;441.999999999743 
 32.3264157507825;1.8724311863145764;442.9999999997421 
 10.140820953323876;1.475172401130932;443.9999999997412 
 3.1803420257021964;1.729128988543622;444.9999999997403 
 1.0100303525502021;2.293786698449164;445.9999999997394 
 0.3277701211706568;3.1627336360431872;446.99999999973846 
 0.10980686275527864;4.414464019495983;447.99999999973755 
 0.03849268178189195;6.1859082238979575;448.99999999973664 
 0.014384110399119509;8.679515767693553;449.99999999973573 
 0.005880152711207823;12.183785247493866;450.9999999997348 
 0.002726615434444709;17.10562956192105;451.9999999997339 
 0.0015086983568042248;24.01720056767563;452.999999999733 
 0.0010693348297594089;33.7221958267964;453.9999999997321 
 0.0010719233714552895;47.34913788466958;454.9999999997312 
 0.001744609889111577;66.48209271175439;455.9999999997303 
 0.005584947460116773;93.34142472009343;456.99999999972937 
 0.04583814940821605;130.99623202525797;457.99999999972846 
 1.371974651253338;182.04998693675776;458.99999999972755 
 95.21136475881688;121.19766598597276;459.99999999972664 
 83.32793665010277;4.8304570172671335;460.99999999972573 
 26.86323302006219;1.4773065093699729;461.9999999997248 
 8.360703218740815;1.2858710805493576;462.9999999997239 
 2.6081858812766057;1.556324211037196;463.999999999723 
 0.823633008891902;2.085988753011918;464.9999999997221 
 0.2653489369076379;2.886006632603116;465.9999999997212 
 0.08802217708426271;4.03287361017106;466.9999999997203 
 0.030436293843025458;5.653523642302766;467.99999999971936 
 0.011157877569544027;7.933769315648806;468.99999999971845 
 0.0044405819487660396;11.137683665679555;469.99999999971755 
 0.001983131532971374;15.637425060857165;470.99999999971664 
 0.0010410127497788204;21.956148669531135;471.9999999997157 
 0.0006853813065687616;30.828685094504294;472.9999999997148 
 0.0006196667331261135;43.2868974002485;473.9999999997139 
 0.0008730908916225724;60.779476164720926;474.999999999713 
 0.002285816603580903;85.33923720868565;475.9999999997121 
 0.014188710718571404;119.80668418404254;476.9999999997112 
 0.2913883815208918;167.81573536422255;477.99999999971027 
 25.83204424276655;201.62155483156434;478.99999999970936 
 120.62511972370127;11.299459806363547;479.99999999970845 
 40.89314930691428;1.6039134988150348;480.99999999970754 
 12.697483673907769;1.0865542477721717;481.99999999970663 
 3.9287941574314473;1.218256985392378;482.9999999997057 
 1.2253048654464707;1.5953656976026613;483.9999999997048 
 0.3877967094660476;2.1916719831192877;484.9999999997039 
 0.12545611327631337;3.0560184277819507;485.999999999703 
 0.041878867800683985;4.281284116143744;486.9999999997021 
 0.014612121891443465;6.006854516991793;487.9999999997012 
 0.005425561838753014;8.432114607146719;488.99999999970026 
 0.0021983607301998822;11.83858954438756;489.99999999969936 
 0.0010068288200914038;16.622256339641506;490.99999999969845 
 0.0005475321939850475;23.339416050143715;491.99999999969754 
 0.0003787849888415243;32.77131246406869;492.9999999996966 
 0.00036704721826062345;46.01493555100559;493.9999999996957 
 0.0005697736115341485;64.6104525128872;494.9999999996948 
 0.001707644011186413;90.71934103942793;495.9999999996939 
 0.012794473230685466;127.36337178962869;496.999999999693 
 0.34102429081960833;178.36393390648107;497.9999999996921 
 39.55329875948137;198.66130198521174;498.99999999969117 
 114.40738438745504;7.5334028726480184;499.99999999969026 
 37.40478138848728;1.2641507684434496;500.99999999968935 
 11.534443204446228;0.9134517527680637;501.99999999968844 
 3.55084008917223;1.0459587271267792;502.99999999968753 
 1.1010200231082494;1.3791491338304729;503.9999999996866 
 0.34581412337881795;1.8989526413898732;504.9999999996857 
 0.11070805040936792;2.649922229444361;505.9999999996848 
 0.036419950967763404;3.713407332935912;506.9999999996839 
 0.012450226451255497;5.210648782157027;507.999999999683 
 0.004492189207143515;7.3147604698783075;508.9999999996821 
 0.0017484395471110065;10.27003960139259;509.99999999968117 
 0.000756869443654384;14.420041238331924;510.99999999968026 
 0.0003803218393288367;20.247394464871995;511.99999999967935 
 0.0002355324854594977;28.42987557941675;512.9999999996785 
 0.00019547041493215704;39.91920778998734;513.9999999996776 
 0.00024433630190633104;56.05170841200451;514.9999999996767 
 0.0005412783257894525;78.70348362127346;515.9999999996758 
 0.0026631482642193493;110.50647287719899;516.9999999996749 
 0.0397281122397154;155.10941363481317;517.999999999674 
 2.699558868283408;214.2395010930113;518.999999999673 
 155.84591266341727;53.61138317087338;519.9999999996721 
 69.08713242807822;2.0026657558663943;520.9999999996712 
 21.412679927025593;0.8171562772572201;521.9999999996703 
 6.554767044028907;0.7859897648577348;522.9999999996694 
 2.012450343105164;0.9830478696409236;523.9999999996685 
 0.6230045297138488;1.332040721583627;524.9999999996676 
 0.19539698023157964;1.8497653341995985;525.9999999996667 
 0.06245032545290171;2.588254452679191;526.9999999996658 
 0.020499914652241852;3.6301633092265075;527.9999999996649 
 0.006987109454292095;5.0953324498811625;528.9999999996639 
 0.00251061076865814;7.153612324594839;529.999999999663 
 0.0009715280993657058;10.04417034963571;530.9999999996621 
 0.0004171573222036524;14.103122334716481;531.9999999996612 
 0.0002072474589698331;19.802548561610806;532.9999999996603 
 0.0001263185665460409;27.805369465991866;533.9999999996594 
 0.00010251996427502596;39.042435205892936;534.9999999996585 
 0.0001242133029882233;54.820773317616414;535.9999999996576 
 0.00026344520004538093;76.97550697728755;536.9999999996567 
 0.001219931739393479;108.08234528205422;537.9999999996558 
 0.01673413464558525;151.738405185153;538.9999999996548 
 1.0256672145596308;211.70505073777002;539.9999999996539 
 136.96741437563398;104.99880662283546;540.999999999653 
 85.23540130686847;2.346930609704066;541.9999999996521 
 26.429024428349468;0.7143481127979966;542.9999999996512 
 8.058169393946981;0.6291111064317237;543.9999999996503 
 2.4601885095298597;0.7664420069191973;544.9999999996494 
 0.7557139831125238;1.0304688837998421;545.9999999996485 
 0.23445975269304545;1.4276863631521068;546.9999999996476 
 0.07380367404226107;1.9963181114567985;547.9999999996467 
 0.02371522620411476;2.799396417645816;548.9999999996458 
 0.007844539967900415;3.9290475012568002;549.9999999996448 
 0.002702707693381603;5.516126290415658;550.9999999996439 
 0.0009859790130185414;7.745006257416013;551.999999999643 
 0.00038975377797108405;10.874846262890378;552.9999999996421 
 0.00017242769026868678;15.269659693448173;553.9999999996412 
 8.93274139219855e-05;21.440623283775974;554.9999999996403 
 5.773617470668077e-05;30.10552141779637;555.9999999996394 
 5.0870666073441085e-05;42.272228058979614;556.9999999996385 
 6.913764348962659e-05;59.35592374514138;557.9999999996376 
 0.00017213779617203118;83.34362019749815;558.9999999996367 
 0.0009965737969132521;117.02440659044129;559.9999999996357 
 0.018638870215389153;164.29204529303533;560.9999999996348 
 1.7462921741270707;228.42478576724935;561.9999999996339 
 171.6665741016333;58.02427960366639;562.999999999633 
 75.1399588835128;1.4853215246550384;563.9999999996321 
 23.042029340343444;0.5469858766257415;564.9999999996312 
 6.997234286168686;0.5118236932370946;565.9999999996303 
 2.1284251141975905;0.6354370168400167;566.9999999996294 
 0.6508546637285787;0.8594071164319778;567.9999999996285 
 0.2007021169270566;1.1929293202326463;568.9999999996276 
 0.06264697306227945;1.6690814610427096;569.9999999996267 
 0.019894403071356884;2.340999191379642;570.9999999996257 
 0.006472858174374316;3.2859065436331156;571.9999999996248 
 0.002179021866787903;4.613319721065854;572.9999999996239 
 0.0007694952010539021;6.477473257057795;573.999999999623 
 0.00029061112249373957;9.095130228259773;574.9999999996221 
 0.00012059626097457079;12.770740868353665;575.9999999996212 
 5.711380737125641e-05;17.931832307816737;576.9999999996203 
 3.255344987652502e-05;25.178727591742604;577.9999999996194 
 2.4052525293192644e-05;35.354369147414715;578.9999999996185 
 2.5555526254172206e-05;49.64236354855018;579.9999999996176 
 4.511847509711491e-05;69.70464116467821;580.9999999996166 
 0.00016180933044598607;97.87465934626054;581.9999999996157 
 0.001556420518217723;137.42720210762718;582.9999999996148 
 0.05882323496301728;192.8869390439713;583.9999999996139 
 13.622146384955558;253.74779533276492;584.999999999613 
 155.21830791095144;8.756507941351316;585.9999999996121 
 50.09166232970687;0.6851819426452544;586.9999999996112 
 15.200868675830913;0.3970812685627223;587.9999999996103 
 4.600995916522577;0.42684077401479265;588.9999999996094 
 1.3960828202079463;0.55279977593722;589.9999999996085 
 0.42573478998854647;0.7573715319929352;590.9999999996076 
 0.13081228257439156;1.0554958210857923;591.9999999996066 
 0.04063129957644616;1.4786311482050625;592.9999999996057 
 0.012814913449213752;2.0746992953243404;593.9999999996048 
 0.0041296525996141345;2.9124929281666656;594.9999999996039 
 0.0013716209134942792;4.089234078280281;595.999999999603 
 0.00047531042544983823;5.74170195375126;596.9999999996021 
 0.00017481419530900985;8.062067238018976;597.9999999996012 
 6.989660013861548e-05;11.320213141493882;598.9999999996003 
 3.14214517455767e-05;15.895114212632944;599.9999999995994 
 1.6647647444458213e-05;22.318912204795616;600.9999999995985 
 1.1103872317528151e-05;31.338811258890704;601.9999999995975 
 1.0223783316080983e-05;44.00398964770572;602.9999999995966 
 1.4776923620212808e-05;61.787634621433455;603.9999999995957 
 4.00903695903037e-05;86.7582794159716;604.9999999995948 
 0.00026157314800783225;121.820169695491;605.9999999995939 
 0.00577564682977899;171.04420417123197;606.999999999593 
 0.6859093395346634;239.29017529267387;607.9999999995921 
 174.81761780458748;92.47245604388334;608.9999999995912 
 89.43561438921631;1.2236533475978704;609.9999999995903 
 27.237416752550708;0.35016980440128287;610.9999999995894 
 8.22198847933746;0.3046027193144577;611.9999999995885 
 2.483366010102119;0.3702448660753031;612.9999999995875 
 0.7522877860486659;0.4976980399348163;613.9999999995866 
 0.22898942860560426;0.6896538592962446;614.9999999995857 
 0.0701926577874851;0.964468042187595;615.9999999995848 
 0.02173149638468977;1.3525651068617046;616.9999999995839 
 0.006822991870045145;1.8984536533109442;617.999999999583 
 0.0021848139486509042;2.6653643191000853;618.9999999995821 
 0.0007192276761544712;3.7423902360381627;619.9999999995812 
 0.0002461394491336754;5.254761413872284;620.9999999995803 
 8.895358501454031e-05;7.378374016612824;621.9999999995794 
 3.4702145980188814e-05;10.360234580889749;622.9999999995784 
 1.5070874147432746e-05;14.547184749373384;623.9999999995775 
 7.607698224199962e-06;20.426242493037286;624.9999999995766 
 4.74173345353471e-06;28.68125001446945;625.9999999995757 
 3.970712620371066e-06;40.27241648481016;626.9999999995748 
 5.026133912860699e-06;56.54800698371816;627.9999999995739 
 1.1331664541834149e-05;79.40116549512483;628.999999999573 
 5.7136684697368874e-05;111.49007523039771;629.9999999995721 
 0.0008823106728619498;156.5461461514772;630.9999999995712 
 0.06419744495751815;219.72818256521515;631.9999999995703 
 33.56148046477815;267.31084106532825;632.9999999995694 
 142.83826700741605;3.2811014004757446;633.9999999995684 
 44.094554023623814;0.3494930160295732;634.9999999995675 
 13.290727818954833;0.22582353790406515;635.9999999995666 
 4.002331326527814;0.25116502682067177;636.9999999995657 
 1.207194899216664;0.328775865071632;637.9999999995648 
 0.36522280326798795;0.4519724241562505;638.9999999995639 
 0.11099622105398049;0.6305717965056771;639.999999999563 
 0.033952642717151336;0.8836802925143762;640.9999999995621 
 0.01048122612416043;1.2400644100937621;641.9999999995612 
 0.003277461148092689;1.7408970137436746;642.9999999995603 
 0.0010435431133410582;2.4443157276400407;643.9999999995593 
 0.00034080130707876135;3.432090976566797;644.9999999995584 
 0.00011533439915448701;4.819097943912975;645.9999999995575 
 4.103220359306041e-05;6.766662072041938;646.9999999995566 
 1.5658639921233243e-05;9.501317176513306;647.9999999995557 
 6.593582797813197e-06;13.341152541871663;648.9999999995548 
 3.187334944169903e-06;18.732811317766817;649.9999999995539 
 1.8696296916903315e-06;26.303442821252606;650.999999999553 
 1.4380870574726471e-06;36.933651314996276;651.9999999995521 
 1.616376497900091e-06;51.85992625434608;652.9999999995512 
 3.0870312652339434e-06;72.81846772438361;653.9999999995503 
 1.2352773448638244e-05;102.24712963334757;654.9999999995493 
 0.00013836379310512532;143.56883772879357;655.9999999995484 
 0.0064598267235103455;201.58174376922676;656.9999999995475 
 2.1397124991753214;280.408806060765;657.9999999995466 
 213.32717231693925;19.777448724738896;658.9999999995457 
 71.64574389375404;0.44347514980426916;659.9999999995448 
 21.591102679335524;0.17577231412549343;660.9999999995439 
 6.488736485671198;0.16900981175914254;661.999999999543 
 1.9513026458533465;0.21181988833631318;662.9999999995421 
 0.5878542783884353;0.28742961905175174;663.9999999995412 
 0.17759903407710118;0.39945232728741464;664.9999999995403 
 0.05387456916540727;0.5591396715466443;665.9999999995393 
 0.016437530628679146;0.7843651133143549;666.9999999995384 
 0.0050561709789492;1.1010370768824722;667.9999999995375 
 0.0015731502699775034;1.54586901426457;668.9999999995366 
 0.0004973801453272547;2.1705519213961284;669.9999999995357 
 0.0001608392347501514;3.0477263075464562;670.9999999995348 
 5.368241315463462e-05;4.279414578749448;671.9999999995339 
 1.8730643649493264e-05;6.008880947992442;672.999999999533 
 6.955550781732475e-06;8.437292680010415;673.9999999995321 
 2.818869977514676e-06;11.84711828174756;674.9999999995312 
 1.2914266483929902e-06;16.634983270495997;675.9999999995302 
 7.02627841921687e-07;23.357804826079935;676.9999999995293 
 4.864037908909719e-07;32.79757145547169;677.9999999995284 
 4.7177589505630645e-07;46.05230264488011;678.9999999995275 
 7.333253836772256e-07;64.66376863734239;679.9999999995266 
 2.2020162481574875e-06;90.79682554427042;680.9999999995257 
 1.6546075975247876e-05;127.4912120934756;681.9999999995248 
 0.00044438206278486157;179.01459030967254;682.9999999995239 
 0.06943531901822443;251.27312800705894;683.999999999523 
 83.65178123947315;251.05282799519216;684.9999999995221 
 131.4533593644836;1.212121312062989;685.9999999995212 
 39.81783695093269;0.16341025289664265;686.9999999995202 
 11.952675837754327;0.11401989455728961;687.9999999995193 
 3.587004110915063;0.12986601051814892;688.9999999995184 
 1.077418537300174;0.17125450525749455;689.9999999995175 
 0.32413952676539054;0.23597173406672284;690.9999999995166 
 0.0977489451434225;0.32946040072761257;691.9999999995157 
 0.02957773631329039;0.46181516193837757;692.9999999995148 
 0.008992806775963381;0.6481150688905993;693.9999999995139 
 0.002752621693737696;0.909898572711374;694.999999999513 
 0.0008505514168817583;1.2775606257601466;695.999999999512 
 0.00026632721745748823;1.7938438035421087;696.9999999995111 
 8.496081859130848e-05;2.518791532239452;697.9999999995102 
 2.7821226990519964e-05;3.536724469124998;698.9999999995093 
 9.45087655941071e-06;4.9660452783775195;699.9999999995084 
 3.380161255185525e-06;6.973009669558204;700.9999999995075 
 1.2995500794484727e-06;9.79106442933736;701.9999999995066 
 5.529505103993354e-07;13.748001356225602;702.9999999995057 
 2.7123044071545017e-07;19.304085408991593;703.9999999995048 
 1.6238998949066967e-07;27.105591995469595;704.9999999995039 
 1.2854083802196595e-07;38.059980742049525;705.999999999503 
 1.5038877211718283e-07;53.441449817446426;706.999999999502 
 3.037646762417228e-07;75.03914864733879;707.9999999995011 
 1.3141847294999024e-06;105.36528811301264;708.9999999995002 
 1.6406291790428884e-05;147.9473390774236;709.9999999994993 
 0.0008900211200626056;207.73723791031014;710.9999999994984 
 0.3658012791788624;291.2437907879987;711.9999999994975 
 247.42310257943842;57.94438915646192;712.9999999994966 
 95.8853856947358;0.3527967168786426;713.9999999994957 
 28.815520854226175;0.09095400037737275;714.9999999994948 
 8.637214095786899;0.07705979819055252;715.9999999994939 
 2.589219579654728;0.09302614445467497;716.999999999493 
 0.7767498556658172;0.12483788780894904;717.999999999492 
 0.23330066467066587;0.17292356480436916;718.9999999994911 
 0.07019626692891026;0.24181883806510998;719.9999999994902 
 0.02117365606901478;0.33912954940045326;720.9999999994893 
 0.006409210147749742;0.4760076908087822;721.9999999994884 
 0.0019496608719911201;0.6683050063283376;722.9999999994875 
 0.0005972106041345341;0.938359948286952;723.9999999994866 
 0.00018472592955566216;1.3175725695656602;724.9999999994857 
 5.7925509606430587e-05;1.8500471111236598;725.9999999994848 
 1.8516267599141112e-05;2.597718017132125;726.9999999994839 
 6.0806088175228505e-06;3.647552321597437;727.999999999483 
 2.0738522436019552e-06;5.121664792880559;728.999999999482 
 7.458954513608332e-07;7.191521833214005;729.9999999994811 
 2.890346149246984e-07;10.09788606514411;730.9999999994802 
 1.2434693150651618e-07;14.178821426578297;731.9999999994793 
 6.194496725442087e-08;19.909016242019685;732.9999999994784 
 3.7900217156724185e-08;27.954998252679502;733.9999999994775 
 3.0924702444100484e-08;39.252664127208135;734.9999999994766 
 3.774984046922579e-08;55.11614156367107;735.9999999994757 
 8.090553456016683e-08;77.39064663630664;736.9999999994748 
 3.8015497044993866e-07;108.66711628438637;737.9999999994739 
 5.322652498684184e-06;152.58357625507603;738.999999999473 
 0.0003383925081116887;214.24789014723248;739.999999999472 
 0.1731625573854442;300.62293160262567;740.9999999994711 
 252.77812350365383;84.49592152392125;741.9999999994702 
 107.01652328098615;0.2886723300260357;742.9999999994693 
 32.11967725147557;0.061069623191428314;743.9999999994684 
 9.619427647799133;0.048828957492787026;744.9999999994675 
 2.880938184467322;0.05794422417537335;745.9999999994666 
 0.8631947348030483;0.07736509309353637;746.9999999994657 
 0.2588240355370085;0.1070040154324104;747.9999999994648 
 0.07769115573315465;0.14956972746564492;748.9999999994639 
 0.02335653742838431;0.20973113114316877;749.999999999463 
 0.007037030437071342;0.2943709238806636;750.999999999462 
 0.0021266570535869705;0.4132862852533499;751.9999999994611 
 0.0006454601230669327;0.5802891397385292;752.9999999994602 
 0.00019708732824402097;0.8147965433732065;753.9999999994593 
 6.0690808240782045e-05;1.1440824819537025;754.9999999994584 
 1.8912405431270575e-05;1.6064475018083693;755.9999999994575 
 5.992588033782135e-06;2.255672579098519;756.9999999994566 
 1.9437988704314564e-06;3.1672743408591932;757.9999999994557 
 6.515731819518935e-07;4.44728883529014;758.9999999994548 
 2.2872367067173572e-07;6.244605398102382;759.9999999994538 
 8.56597167083376e-08;8.768285201149043;760.9999999994529 
 3.5131132970512525e-08;12.311878921397366;761.999999999452 
 1.636590091279956e-08;17.287572112814857;762.9999999994511 
 9.115108294483836e-09;24.27413001478649;763.9999999994502 
 6.520381157161366e-09;34.08421866363332;764.9999999994493 
 6.621201679127892e-09;47.85893299760578;765.9999999994484 
 1.0973366126357023e-08;67.20052732166525;766.9999999994475 
 3.60324611318503e-08;94.35878712533972;767.9999999994466 
 3.0660535327275794e-07;132.49272047940315;768.9999999994457 
 9.783541407191461e-06;186.03799721588007;769.9999999994448 
 0.0019396457537652879;261.2205118600134;770.9999999994438 
 4.652939043256254;361.33761573058484;771.9999999994429 
 220.40751262491744;2.7313959432923016;772.999999999442 
 66.98926549790673;0.07161962348650035;773.9999999994411 
 20.05727078263528;0.030949272577017576;774.9999999994402 
 6.002861813085855;0.030589403185970216;775.9999999994393 
 1.7968103500697694;0.03867266766929661;776.9999999994384 
 0.538011055049299;0.05262299596213918;777.9999999994375 
 0.16117797780203452;0.0731983564939894;778.9999999994366 
 0.04832206703448437;0.10249135721315042;779.9999999994357 
 0.014502591371407381;0.1437903977500427;780.9999999994347 
 0.0043590668084059;0.20185027245909223;781.9999999994338 
 0.0013129604927988514;0.28340392205239284;782.9999999994329 
 0.00039663231333922084;0.3979289433982175;783.999999999432 
 0.0001203149196912701;0.5587431005180714;784.9999999994311 
 3.670888270967274e-05;0.7845505354603677;785.9999999994302 
 1.1291755067561499e-05;1.101616192544959;786.9999999994293 
 3.5133380039049185e-06;1.5468204076026646;787.9999999994284 
 1.1108450689526667e-06;2.171948559351722;788.9999999994275 
 3.5923538281679145e-07;3.0497145774525753;789.9999999994266 
 1.1990860602166654e-07;4.282218880768467;790.9999999994257 
 4.1842242682132986e-08;6.012824530389969;791.9999999994247 
 1.554015970476532e-08;8.442833001177629;792.9999999994238 
 6.299202697917974e-09;11.854899267443372;793.9999999994229 
 2.8867005135536994e-09;16.645909808500267;794.999999999422 
 1.5711859351551371e-09;23.373147853895876;795.9999999994211 
 1.0882724862025968e-09;32.819115740668835;796.9999999994202 
 1.0563556520327278e-09;46.082554422720236;797.9999999994193 
 1.6437565527639316e-09;64.70624738609129;798.9999999994184 
 4.9432414746732674e-09;90.8564749295691;799.9999999994175 
 3.7221293202698965e-08;127.57499263516443;800.9999999994166 
 1.0025584474822767e-06;179.13284264718152;801.9999999994156 
 0.00015734475029648387;251.52696048378516;802.9999999994147 
 0.27826534397895114;352.8505974331262;803.9999999994138 
 305.28941658695777;19.593990613578708;804.9999999994129 
 98.4703051921589;0.07953201838089474;805.999999999412 
 29.47684695934166;0.01964837480575862;806.9999999994111 
 8.818636035627113;0.016461082818614806;807.9999999994102 
 2.638338838579094;0.019811017342991365;808.9999999994093 
 0.7894539910743791;0.02656404266583848;809.9999999994084 
 0.2362838930905639;0.03678859650781014;810.9999999994075 
 0.07074630255845785;0.05144340951861055;811.9999999994066 
 0.021193561249445252;0.07214436709640994;812.9999999994056 
 0.00635373304542376;0.1012630928306478;813.9999999994047 
 0.0019068237452725292;0.1421715172833296;814.9999999994038 
 0.000573103948812743;0.19962171236970938;815.9999999994029 
 0.00017260633645798488;0.2802935391339821;816.999999999402 
 5.213681241234207e-05;0.3935695065464165;817.9999999994011 
 1.5812755955629143e-05;0.5526252366599397;818.9999999994002 
 4.823512217837951e-06;0.7759616578492324;819.9999999993993 
 1.4832661317951e-06;1.0895568475278545;820.9999999993984 
 4.6130548181332105e-07;1.5298876971986166;821.9999999993975 
 1.4576622543469366e-07;2.148172822396985;822.9999999993966 
 4.709883213704708e-08;3.0163302242331835;823.9999999993956 
 1.5702133856739538e-08;4.235342679513529;824.9999999993947 
 5.4700291879413285e-09;5.94700390525958;825.9999999993938 
 2.026752384668662e-09;8.350411792380042;826.9999999993929 
 8.188164203756286e-10;11.72512717624177;827.999999999392 
 3.734885163451813e-10;16.463691937640696;828.9999999993911 
 2.0195937725071406e-10;23.117288891253345;829.9999999993902 
 1.3861086097856995e-10;32.459854551919776;830.9999999993893 
 1.3283259106754154e-10;45.578102280475186;831.9999999993884 
 2.0302742574296776e-10;63.99792716769765;832.9999999993875 
 5.954984869180754e-10;89.8618958844644;833.9999999993865 
 4.330792384641225e-09;126.17846685032589;834.9999999993856 
 1.111635505548204e-07;177.171929514355;835.9999999993847 
 1.6324551856379274e-05;248.7737472326809;836.9999999993838 
 0.026381016380545744;349.2814288940037;837.9999999993829 
 288.8634427251158;133.96352148455657;838.999999999382 
 134.1385724553129;0.0923470441369892;839.9999999993811 
 40.14847569730692;0.012056293225063977;840.9999999993802 
 12.008480984334968;0.00837252765105385;841.9999999993793 
 3.5916824514645995;0.009529386959750037;842.9999999993784 
 1.074325975858465;0.012566623638262211;843.9999999993775 
 0.3213847268463258;0.017317183252849973;844.9999999993765 
 0.0961590555901848;0.02417956953988068;845.9999999993756 
 0.028778175629604677;0.03389445234962413;846.9999999993747 
 0.008615665582206715;0.04756854933094652;847.9999999993738 
 0.0025806484008218562;0.06678273247253338;848.9999999993729 
 0.0007735173398797823;0.09376791559156446;849.999999999372 
 0.00023207815223132296;0.1316612750590831;850.9999999993711 
 6.972562434608887e-05;0.18486979617915725;851.9999999993702 
 2.098865203227274e-05;0.2595823151044114;852.9999999993693 
 6.3350155502326065e-06;0.3644891549681484;853.9999999993684 
 1.9193537202124295e-06;0.5117928705353332;854.9999999993674 
 5.846163055544268e-07;0.7186275888926563;855.9999999993665 
 1.7940236876227517e-07;1.0090520078640752;856.9999999993656 
 5.563348965309995e-08;1.4168478605258001;857.9999999993647 
 1.7507884836350703e-08;1.9894493530748774;858.9999999993638 
 5.624719178990313e-09;2.7934606399149082;859.9999999993629 
 1.8602001008539859e-09;3.9224031194097346;860.999999999362 
 6.40755999071443e-10;5.507593703796069;861.9999999993611 
 2.336847947187082e-10;7.733419407266885;862.9999999993602 
 9.233649754334431e-11;10.858784969545122;863.9999999993593 
 4.0826307711970286e-11;15.247228270631897;864.9999999993584 
 2.113336756487498e-11;21.409206517027613;865.9999999993574 
 1.3644062949283332e-11;30.06147186579221;866.9999999993565 
 1.2002744103904607e-11;42.21044297084023;867.9999999993556 
 1.6277003797846287e-11;59.269270105898315;868.9999999993547 
 4.040246634387703e-11;83.22221070533345;869.9999999993538 
 2.3291649161507256e-10;116.85543524144032;870.9999999993529 
 4.331651045030236e-09;164.08111043033287;871.999999999352 
 4.0770130199657274e-07;230.3924561466335;872.9999999993511 
 0.00035795572781579686;323.50228170788915;873.9999999993502 
 6.545268419746188;446.823363661074;874.9999999993493 
 235.4741826409042;0.49246745732347275;875.9999999993483 
 70.60339287325115;0.01017580467906024;876.9999999993474 
 21.11536962893532;0.00412734417933983;877.9999999993465 
 6.314585699024777;0.0040047949022603765;878.9999999993456 
 1.888417281451375;0.005035719087358581;879.9999999993447 
 0.5647675838908456;0.006841381941700205;880.9999999993438 
 0.1689160053372254;0.009511939763321996;881.9999999993429 
 0.050525903090880654;0.013316722231247692;882.999999999342 
 0.015115313676468626;0.018682014244799;883.9999999993411 
 0.0045227690206233;0.02622519275540448;884.9999999993402 
 0.0013536610012761902;0.036820869569709216;885.9999999993393 
 0.00040530458739782384;0.051700344529288685;886.9999999993383 
 0.00012141891668711571;0.07259388347937333;887.9999999993374 
 3.640144992245121e-05;0.10193158498761026;888.9999999993365 
 1.0924733639017728e-05;0.14312588003447704;889.9999999993356 
 3.2835883855765363e-06;0.20096839133157188;890.9999999993347 
 9.889928945704227e-07;0.28218725853893545;891.9999999993338 
 2.9875184811686273e-07;0.3962297332052699;892.9999999993329 
 9.061819123142656e-08;0.5563610638812405;893.999999999332 
 2.7645837530690387e-08;0.7812074879620946;894.9999999993311 
 8.502911383872408e-09;1.0969228070453847;895.9999999993302 
 2.645163988147476e-09;1.540230557903271;896.9999999993292 
 8.361475559573601e-10;2.162695639572474;897.9999999993283 
 2.7031093652694754e-10;3.036722265751721;898.9999999993274 
 9.018440427703958e-11;4.263975915366678;899.9999999993265 
 3.1449267351152745e-11;5.987208910059966;900.9999999993256 
 1.1669450743170486e-11;8.406865152205553;901.9999999993247 
 4.724093247930778e-12;11.804395461905825;902.9999999993238 
 2.1609582362034492e-12;16.574995518338266;903.9999999993229 
 1.1731873033561418e-12;23.273574434161812;904.999999999322 
 8.097105354326859e-13;32.679300959279246;905.9999999993211 
 7.820537243982906e-13;45.88623523250463;906.9999999993202 
 1.208474211990955e-12;64.430588231872;907.9999999993192 
 3.5990687771979684e-12;90.46941155382092;908.9999999993183 
 2.673601309998661e-11;127.0315024509402;909.9999999993174 
 7.067622666419191e-10;178.36970902877815;910.9999999993165 
 1.0808999948711019e-07;250.4556150869607;911.9999999993156 
 0.00018469033413785426;351.6739286187378;912.9999999993147 
 8.333303367915644;484.45502785312993;913.9999999993138 
 240.43600170059366;0.22246486215192296;914.9999999993129 
 71.98094184348874;0.0042164475702708695;915.999999999312 
 21.52505006244781;0.0016690874622559248;916.9999999993111 
 6.43664346782542;0.0016079507420116712;917.9999999993101 
 1.9247637396825328;0.002017569181529581;918.9999999993092 
 0.5755762430800797;0.0027392744486227716;919.9999999993083 
 0.17212342891080326;0.003807843037360533;920.9999999993074 
 0.051474723611313604;0.005330685425107733;921.9999999993065 
 0.015394727017152214;0.0074782891952629976;922.9999999993056 
 0.0046045124459584835;0.010497723833857775;923.9999999993047 
 0.001377344724748991;0.01473906324184454;924.9999999993038 
 0.0004120672837851456;0.020695174953587057;925.9999999993029 
 0.0001233067869943352;0.029058664110494035;926.999999999302 
 3.690939468242534e-05;0.04080227499052297;927.999999999301 
 1.105276508263186e-05;0.05729197154476667;928.9999999993001 
 3.31179482156009e-06;0.08044579590739849;929.9999999992992 
 9.93159099154417e-07;0.11295696028905264;930.9999999992983 
 2.9818364107192486e-07;0.15860711241618516;931.9999999992974 
 8.967354067186648e-08;0.22270620907601205;932.9999999992965 
 2.7030214104088325e-08;0.31271016152036796;933.9999999992956 
 8.174200764681847e-09;0.4390880956173468;934.9999999992947 
 2.4832576278061507e-09;0.6165401048664763;935.9999999992938 
 7.592402554323771e-10;0.8657071433747002;936.9999999992929 
 2.342293087601668e-10;1.2155719509520149;937.999999999292 
 7.317878434104283e-11;1.706830282345744;938.999999999291 
 2.327155313564291e-11;2.396624576981338;939.9999999992901 
 7.586994718709987e-12;3.3651906826390525;940.9999999992892 
 2.561416765869155e-12;4.725190770090341;941.9999999992883 
 9.081904255441259e-13;6.634818029461354;942.9999999992874 
 3.4494081457046474e-13;9.316197467139549;943.9999999992865 
 1.442846926133609e-13;13.081223156588115;944.9999999992856 
 6.909899348356206e-14;18.36783729370629;945.9999999992847 
 4.000526747762986e-14;25.790970982568595;946.9999999992838 
 3.021269387142819e-14;36.21407210807646;947.9999999992829 
 3.30990822519386e-14;50.84954031142676;948.999999999282 
 6.099129563416524e-14;71.39975151556511;949.999999999281 
 2.321788558728651e-13;100.25507576395613;950.9999999992801 
 2.4264268104613693e-12;140.7719215135536;951.9999999992792 
 1.0292139361729387e-10;197.66314808101953;952.9999999992783 
 3.020357140814053e-08;277.5462584014078;953.9999999992774 
 0.000125927650314237;389.7129914071852;954.9999999992765 
 18.700134614379735;526.4747461614788;955.9999999992756 
 235.7464240222836;0.06698297960675527;956.9999999992747 
 70.5181842198502;0.0013871103781509162;957.9999999992738 
 21.08658790681799;0.0005635189206318169;958.9999999992729 
 6.305330165385134;0.0005470712737326442;959.999999999272 
 1.8854295231706142;0.0006880144069641369;960.999999999271 
 0.5637873518979062;0.0009347669839041623;961.9999999992701 
 0.16858710397160684;0.0012996798663875797;962.9999999992692 
 0.050412605508574196;0.0018195637496642506;963.9999999992683 
 0.015075166178843193;0.002552669280486938;964.9999999992674 
 0.004508131468924796;0.003583355295035357;965.9999999992665 
 0.0013481778782617514;0.005031127742388229;966.9999999992656 
 0.00040319999271821067;0.007064229286584041;967.9999999992647 
 0.00012059400076614202;0.009919080102559865;968.9999999992638 
 3.6072450000841145e-05;0.013927723995133206;969.9999999992629 
 1.0791663899294197e-05;0.01955642862679712;970.999999999262 
 3.229158850542279e-06;0.027459911587939017;971.999999999261 
 9.665276703480297e-07;0.03855749218959123;972.9999999992601 
 2.8940972664605496e-07;0.054140023647083924;973.9999999992592 
 8.670740755079526e-08;0.0760200425062021;974.9999999992583 
 2.599813738335332e-08;0.10674259990700036;975.9999999992574 
 7.803866256249928e-09;0.1498812980283133;976.9999999992565 
 2.346138008277506e-09;0.21045396613321288;977.9999999992556 
 7.068816180241964e-10;0.29550632699392265;978.9999999992547 
 2.1363522763770167e-10;0.4149315448903003;979.9999999992538 
 6.48441435113708e-11;0.5826209837804255;980.9999999992529 
 1.9801434391433827e-11;0.8180800301213551;981.9999999992519 
 6.098350055780771e-12;1.1486969304492314;982.999999999251 
 1.900677834238542e-12;1.6129285515355627;983.9999999992501 
 6.023899219271264e-13;2.264773626008901;984.9999999992492 
 1.9545966098204622e-13;3.1800538047283333;985.9999999992483 
 6.554945731305475e-14;4.465233118591378;986.9999999992474 
 2.3024903960572028e-14;6.26980171647398;987.9999999992465 
 8.630926044567971e-15;8.803664337305888;988.9999999992456 
 3.5442610734033463e-15;12.36155611752562;989.9999999992447 
 1.654050087523317e-15;17.357325744372663;990.9999999992438 
 9.235429150397981e-16;24.37207372048625;991.9999999992428 
 6.629640565387075e-16;34.22174511124756;992.9999999992419 
 6.765236859969382e-16;48.052039062838965;993.999999999241 
 1.1289142683807757e-15;67.47167482518923;994.9999999992401 
 3.742513801820704e-15;94.73951558564954;995.9999999992392 
 3.2271438529044666e-14;133.02731607979402;996.9999999992383 
 1.0488849068729929e-12;186.78865639116466;997.9999999992374 
 2.1329332750648016e-10;262.27697577130033;998.9999999992365 
 5.384106204639097e-07;368.272962776417;999.9999999992356 
