 30;80;0 
 46.03280074004426;31.3615434117303;1.0000000000000007 
 25.965060586639023;14.740972357740308;2.0000000000000013 
 11.519604309974762;12.109284781548073;2.99999999999998 
 5.058631055577488;13.453237843267443;3.9999999999999587 
 2.393807066007742;17.001475135343462;4.999999999999938 
 1.2996273127936429;22.653249048685467;5.9999999999999165 
 0.8670652551723029;30.84217840444549;6.999999999999895 
 0.7751603318371144;42.307611359438724;7.999999999999874 
 1.0380895026172798;57.915716904516465;8.999999999999853 
 2.371707098871773;77.70193532631792;9.999999999999831 
 9.737147231755904;93.93084276756495;10.99999999999981 
 38.74349168604405;67.15329765777035;11.999999999999789 
 41.9410353658315;24.465838965999325;12.999999999999767 
 21.333539944950086;13.43498430183309;13.999999999999746 
 9.329650389576775;12.196456044663936;14.999999999999725 
 4.1486981934136145;14.15793008419114;15.999999999999703 
 2.0205482260853525;18.218060250946554;16.999999999999858 
 1.1474285586576616;24.45488204128322;18.000000000000014 
 0.8167422507378819;33.391028984745766;19.00000000000017 
 0.7992401684175813;45.8230200491728;20.000000000000327 
 1.2097168966603256;62.57014917430536;21.000000000000483 
 3.217833860748888;82.90755853895189;22.00000000000064 
 14.649081389169371;93.43719228607276;23.000000000000796 
 45.116958569120406;53.15575155395231;24.000000000000952 
 36.59285043470976;19.796121860250857;25.00000000000111 
 17.391899201401273;12.648499684292211;26.000000000001265 
 7.566450659240446;12.468730021548287;27.00000000000142 
 3.422309237234917;14.991679398065624;28.000000000001577 
 1.7221461163305163;19.57117287160562;29.000000000001734 
 1.0276143570806562;26.42688830672524;30.00000000000189 
 0.7849741225393162;36.16173307628379;31.000000000002046 
 0.8471707121672636;49.617170609979;32.0000000000022 
 1.4617625758857462;67.49172318505516;33.000000000002004 
 4.536184708974093;87.75295549568135;34.000000000001805 
 21.635755559549345;88.8622350042287;35.000000000001606 
 47.46866940019127;40.689693749966395;36.00000000000141 
 31.01396339917512;16.70212333640358;37.00000000000121 
 14.11543644225791;12.237322391279967;38.00000000000101 
 6.152922179665564;12.900635987959692;39.00000000000081 
 2.842338930567311;15.952855019189016;40.00000000000061 
 1.4837152057193217;21.067363977948688;41.00000000000041 
 0.9347834447396004;28.580823588806687;42.00000000000021 
 0.7711096764058158;39.16911310499569;43.000000000000014 
 0.925137397739914;53.70016960728937;43.999999999999815 
 1.8349332338290092;72.63077382973032;44.999999999999616 
 6.614128970669907;91.71617793980052;45.99999999999942 
 30.32333439233145;79.59523440010723;46.99999999999922 
 45.92395556194017;31.070246630081364;47.99999999999902 
 25.78878656076853;14.683355226829137;48.99999999999882 
 11.433385586660345;12.108832745079575;49.99999999999862 
 5.022605528295194;13.476076139320748;50.99999999999842 
 2.3790390023357473;17.042515520374025;51.999999999998224 
 1.2935816433553575;22.714597873966937;52.999999999998025 
 0.8649412048172925;30.929289544641218;53.999999999997826 
 0.7756574442014889;42.42813818626924;54.99999999999763 
 1.0431384476718892;58.076553848591026;55.99999999999743 
 2.3959893516956887;77.88951655034919;56.99999999999723 
 9.879739658978057;93.96940812615358;57.99999999999703 
 39.02538104100893;66.65654594112644;58.99999999999683 
 41.76467349373936;24.265480229971352;59.99999999999663 
 21.181267204225676;13.399121936509296;60.99999999999643 
 9.260024928791633;12.203172099535367;61.999999999996234 
 4.119927555329917;14.185436826665676;62.999999999996035 
 2.0087383889511137;18.263882444341704;63.999999999995836 
 1.1426446611619288;24.52213493985576;64.99999999999635 
 0.8153015443679487;33.48582354839909;65.99999999999686 
 0.8005121097929094;45.95330475591856;66.99999999999737 
 1.2171302551973562;62.7410505099048;67.99999999999788 
 3.25535179763098;83.08867561085157;68.9999999999984 
 14.8614529364688;93.35100246417878;69.9999999999989 
 45.27424888526828;52.672729746431585;70.99999999999942 
 36.393418071615436;19.662338464277124;71.99999999999993 
 17.26409434141006;12.628093267975059;73.00000000000044 
 7.51052159042122;12.48150598433686;74.00000000000095 
 3.399333876774369;15.023745802429703;75.00000000000146 
 1.712702761263216;19.621987776646737;76.00000000000198 
 1.023873620366562;26.50044225809441;77.00000000000249 
 0.7841754555671914;36.264737219917826;78.000000000003 
 0.8493890794199581;49.757643335814095;79.00000000000351 
 1.4726783435123;67.67150058398416;80.00000000000402 
 4.59507835148169;87.91321273276309;81.00000000000453 
 21.921980836410967;88.61224017466732;82.00000000000504 
 47.47491547771481;40.29509738072542;83.00000000000556 
 30.819349056926104;16.614175549907184;84.00000000000607 
 14.01014155483311;12.228334185658998;85.00000000000658 
 6.10814166063792;12.918762741794318;86.00000000000709 
 2.823984227808207;15.989479710907853;87.0000000000076 
 1.4761730767656323;21.123435573783677;88.00000000000811 
 0.9319215527642275;28.661114807034853;89.00000000000863 
 0.7709508798183277;39.28086649207574;90.00000000000914 
 0.9285841791012066;53.85111404669396;91.00000000000965 
 1.8512062415624264;72.81692509559328;92.00000000001016 
 6.707155925953636;91.8318198257117;93.00000000001067 
 30.647256935695008;79.18502543489272;94.00000000001118 
 45.81163191198837;30.782161069799912;95.0000000000117 
 25.61306324709819;14.626575306806712;96.00000000001221 
 11.347688637100145;12.108660809647326;97.00000000001272 
 4.986816169611878;13.49911685877971;98.00000000001323 
 2.364367256008572;17.083782015937896;99.00000000001374 
 1.2875768251028992;22.776238416304494;100.00000000001425 
 0.8628396376446111;31.016790171237883;101.00000000001477 
 0.7761808831290513;42.54917653787937;102.00000000001528 
 1.0482648322340513;58.237989700193026;103.00000000001579 
 2.420678227451451;78.0773053971675;104.0000000000163 
 10.024729184427988;94.00439720757382;105.00000000001681 
 39.30445051500012;66.15775516796;106.00000000001732 
 41.58656716191739;24.067629027756524;107.00000000001783 
 21.029663027932294;13.363851838588838;108.00000000001835 
 9.190837070042358;12.21013017135762;109.00000000001886 
 4.091345993199211;14.213146625742963;110.00000000001937 
 1.9970055105049518;18.309944145842216;111.00000000001988 
 1.1378945759217238;24.589701471228487;112.00000000002039 
 0.8138821816555494;33.5810370034841;113.0000000000209 
 0.8018161599636431;46.084131912303675;114.00000000002142 
 1.2246563790347016;62.91253840752482;115.00000000002193 
 3.2935229288851473;83.26959882820007;116.00000000002244 
 15.07685330887256;93.2593835884582;117.00000000002295 
 45.426400001615505;52.191233164309494;118.00000000002346 
 36.19349013372353;19.53032165167469;119.00000000002397 
 17.13695368128992;12.608124338809773;120.00000000002449 
 7.4549523932528015;12.494501428579527;121.000000000025 
 3.376509401157131;15.056020069476133;122.00000000002551 
 1.7033211558727366;19.673057885857244;123.00000000002602 
 1.0201614592985455;26.574333776149587;124.00000000002653 
 0.7833982883754916;36.36819111483039;125.00000000002704 
 0.8516488198467186;49.89868626153578;126.00000000002755 
 1.4837636067349524;67.85181461051104;127.00000000002807 
 4.655023707209533;88.07258032900796;128.00000000002856 
 22.21089299250883;88.35572898841225;129.00000000002765 
 47.476132696907854;39.90372951347043;130.00000000002674 
 30.624956819221605;16.527433598720197;131.00000000002584 
 13.905449472524834;12.219686110806006;132.00000000002493 
 6.063653283199349;12.93709696474781;133.00000000002402 
 2.8057497753350047;16.026320428088447;134.0000000000231 
 1.4686808296325813;21.179780243262858;135.0000000000222 
 0.9290845228697202;28.74176949621623;136.0000000000213 
 0.7708152027736022;39.39310147105107;137.00000000002038 
 0.9320868529031446;54.002649779424615;138.00000000001947 
 1.8677412529330806;73.00349833080045;139.00000000001856 
 6.801838278946594;91.94544276081363;140.00000000001765 
 30.971657332153217;78.76944747954272;141.00000000001674 
 45.69588593646674;30.49727857504959;142.00000000001583 
 25.43790032543791;14.570624417862177;143.00000000001492 
 11.26251225811875;12.108768064970837;144.000000000014 
 4.951261947721967;13.522360422074048;145.0000000000131 
 2.349791387501436;17.125275534408313;146.0000000000122 
 1.281612712343483;22.838172002404065;147.00000000001128 
 0.8607605639982022;31.104682057709013;148.00000000001037 
 0.7767308817405588;42.67072850868158;149.00000000000946 
 1.0534698574879362;58.40002550585711;150.00000000000855 
 2.4457816450344723;78.26529101586559;151.00000000000765 
 10.172150344590635;94.03573417235286;152.00000000000674 
 39.58057418899048;65.65706333356972;153.00000000000583 
 41.40676661861128;23.872265089476528;154.00000000000492 
 20.878731393753963;13.329168985345436;155.000000000004 
 9.122085418802337;12.217329884298424;156.0000000000031 
 4.06295265123371;14.241060052199504;157.0000000000022 
 1.9853492478980306;18.356246371547922;158.00000000000128 
 1.133178202364025;24.657583073171114;159.00000000000037 
 0.8124842119470375;33.676671233512025;159.99999999999946 
 0.8031526683948063;46.2155035899955;160.99999999999855 
 1.2322971543929593;63.084612818154355;161.99999999999764 
 3.332360227565374;83.45030787398532;162.99999999999673 
 15.295301308755693;93.16225983895637;163.99999999999582 
 45.57335890545467;51.71136650204708;164.9999999999949 
 35.99310017468595;19.400053451735673;165.999999999994 
 17.01047813453864;12.588589905947467;166.9999999999931 
 7.399741713793715;12.507716337988082;167.99999999999218 
 3.3538351151625987;15.088502896890612;168.99999999999127 
 1.6940010365324099;19.72438431910263;169.99999999999037 
 1.016477812705032;26.64856441251528;170.99999999998946 
 0.7826427166295202;36.47209674359634;171.99999999998855 
 0.8539504575010304;50.04030132834885;172.99999999998764 
 1.4950213859705617;68.03266327395659;173.99999999998673 
 4.7160413654488424;88.23102298625298;174.99999999998582 
 22.502454498000166;88.09267896282184;175.9999999999849 
 47.472347896898974;39.51562395564703;176.999999999984 
 30.430805741624614;16.441884858670196;177.9999999999831 
 13.801359603680842;12.211376457971795;178.99999999998218 
 6.019455836652646;12.955638893951498;179.99999999998127 
 2.7876350170814423;16.063377981983674;180.99999999998036 
 1.4612382655664016;21.236399211815897;181.99999999997945 
 0.9262723302551754;28.822789323441587;182.99999999997854 
 0.7707028005711418;39.505820102155994;183.99999999997763 
 0.9356462136125991;54.15477843594977;184.99999999997672 
 1.8845431869569358;73.1904881658512;185.9999999999758 
 6.898205919501008;92.05699060030112;186.9999999999749 
 31.296422685234354;78.34857885395441;187.999999999974 
 45.576774315476484;30.21559002163181;188.99999999997308 
 25.263307241623917;14.51549447086034;189.99999999997218 
 11.17785522040563;12.10915361673358;190.99999999997127 
 4.9159418293309205;13.545807255295387;191.99999999997036 
 2.3353109577760063;17.166996993740554;192.99999999996945 
 1.2756891599023754;22.900399966054277;193.99999999996854 
 0.8587039952759741;31.19296698589494;194.99999999996763 
 0.7773076772845436;42.792796198355845;195.99999999996672 
 1.0587547480378223;58.56266228298482;196.9999999999658 
 2.471307695282267;78.45346224675698;197.9999999999649 
 10.32203772755186;94.0633423615394;198.999999999964 
 39.85362699471283;65.15460947454412;199.99999999996308 
 41.225321810307605;23.679367954960284;200.99999999996217 
 20.728476137726556;13.29506841466815;201.99999999996126 
 9.05376856649097;12.224770873471785;202.99999999996035 
 4.034746673261269;14.269177682118947;203.99999999995944 
 1.9737692587944418;18.402790143464276;204.99999999995853 
 1.1284954404843923;24.725781190955605;205.99999999995762 
 0.8111076860164181;33.77272813034174;206.9999999999567 
 0.8045219907501798;46.34742186264773;207.9999999999558 
 1.240054505741366;63.25727363608672;208.9999999999549 
 3.3718769414374616;83.63078191803743;209.99999999995399 
 15.516814536312323;93.05955595566125;210.99999999995308 
 45.71507575310422;51.23323242113249;211.99999999995217 
 35.792281299513;19.271515971823213;212.99999999995126 
 16.88466853243671;12.569487017012973;213.99999999995035 
 7.344888190865355;12.521150704351882;214.99999999994944 
 3.3313103237366195;15.12119498760378;215.99999999994853 
 1.6847421401273588;19.775968202531516;216.99999999994762 
 1.0128226200788295;26.723135726705145;217.9999999999467 
 0.7819088379898246;36.57645609676883;218.9999999999458 
 0.856294525953105;50.182490473737424;219.9999999999449 
 1.5064547650807312;68.21404447995393;220.99999999994398 
 4.778152310610475;88.38850461517583;221.99999999994307 
 22.796624895895032;87.82307069050043;222.99999999994216 
 47.463590094954995;39.13081241018525;223.99999999994125 
 30.23691452596825;16.35751682124467;224.99999999994034 
 13.697871310182302;12.203403542765203;225.99999999993943 
 5.975548106848325;12.974388773028863;226.99999999993852 
 2.769639397397595;16.10065318921514;227.99999999993761 
 1.4538451863246158;21.293293711566882;228.9999999999367 
 0.923484950943193;28.90417596400744;229.9999999999358 
 0.7706138313734128;39.619024452666466;230.9999999999349 
 0.9392630706303822;54.3075016332654;231.99999999993398 
 1.9016170686917437;73.37788904777022;232.99999999993307 
 6.996289159349681;92.16640617273384;233.99999999993216 
 31.621437568278534;77.92250180253805;234.99999999993125 
 45.45435421729128;29.93708535053194;235.99999999993034 
 25.08929320994516;14.461177466981074;236.99999999992943 
 11.093716269003778;12.109816586484492;237.99999999992852 
 4.880854779745866;13.569457790211937;238.9999999999276 
 2.320925528304147;17.208947317503956;239.9999999999267 
 1.2698060231341648;22.962923648164367;240.9999999999258 
 0.8566699439482861;31.281646746029992;241.99999999992488 
 0.7779115112160101;42.915381711764574;242.99999999992397 
 1.064120752425069;58.72590101892355;243.99999999992306 
 2.4972646448580393;78.6418076139592;244.99999999992215 
 10.47442594516417;94.08714431816111;245.99999999992124 
 40.12348485772672;64.65053352888097;246.99999999992033 
 41.04228236465101;23.48891699016768;247.99999999991942 
 20.57890095605897;13.261545224620722;248.99999999991851 
 8.985885090784299;12.232452784892024;249.9999999999176 
 4.006727202787509;14.297500096913712;250.9999999999167 
 1.9622652013892412;18.44957648953669;251.9999999999158 
 1.123846190858082;24.794297277394453;252.99999999991488 
 0.8097526560904584;33.86920959419642;253.99999999991397 
 0.8059244890148938;46.479888805732315;254.99999999991306 
 1.2479303966682573;63.430520697335965;255.99999999991215 
 3.412086598543376;83.81099960569158;256.99999999991127 
 15.74140931980037;92.95119732106795;257.99999999991036 
 45.851503901801394;50.75693148227588;258.99999999990945 
 35.591066162403585;19.144691402278756;259.99999999990854 
 16.759525625251293;12.550812757794837;260.99999999990763 
 7.290390456252226;12.534804527523276;261.9999999999067 
 3.308934332034901;15.154097049817876;262.9999999999058 
 1.6755442040687736;19.82781066861232;263.9999999999049 
 1.009195821589226;26.798049286159983;264.999999999904 
 0.7811967521479676;36.68127117287814;265.9999999999031 
 0.8586815684854981;50.32525563115845;266.9999999999022 
 1.5180668928462482;68.3959560277349;267.99999999990126 
 4.841377927786087;88.5449883210545;268.99999999990035 
 23.093360744088784;87.54688794100635;269.99999999989944 
 47.44989043184787;38.74932449919219;270.99999999989853 
 30.043301522484924;16.274317094245205;271.9999999998976 
 13.59498390820771;12.195765704968718;272.9999999998967 
 5.931928876316129;12.993346852099302;273.9999999998958 
 2.751762361080888;16.138146871803254;274.9999999998949 
 1.4465013941879945;21.35046498137239;275.999999999894 
 0.9207223617942508;28.985931101450795;276.9999999998931 
 0.770548456258573;39.732716596866716;277.99999999989217 
 0.9429382486099939;54.46082097435337;278.99999999989126 
 1.9189680317082887;73.56569523550296;279.99999999989035 
 7.096118729779204;92.27363127177344;280.99999999988944 
 31.94658409880467;77.49130246743769;281.99999999988853 
 45.32868325344141;29.661753601253118;282.9999999998876 
 24.915867215578345;14.407665497335463;283.9999999998867 
 11.010094123791637;12.110756111539226;284.9999999998858 
 4.845999762964192;13.59331246428296;285.9999999998849 
 2.3066346610908846;17.251127434914007;286.999999999884 
 1.2639631579336839;23.025744396802565;287.9999999998831 
 0.854658423576495;31.370723136769712;288.99999999988216 
 0.7785426292766137;43.03848715886642;289.99999999988125 
 1.0695691436574823;58.8897426700251;290.99999999988034 
 2.5236609402171344;78.83031531781258;291.99999999987944 
 10.629349603634518;94.10706181062434;292.9999999998785 
 40.3900248400322;64.144976194525;293.9999999998776 
 40.857697574067146;23.300891403155152;294.9999999998767 
 20.4300094069469;13.228594572996707;295.9999999998758 
 8.918433555921986;12.240375275427922;296.9999999998749 
 3.9788933830568447;14.326027883346516;297.999999999874 
 1.9508367344260906;18.496606443684726;298.99999999987307 
 1.119230354651025;24.863132792878684;299.99999999987216 
 0.8084191758740877;33.96611753367847;300.99999999987125 
 0.8073605316205573;46.61290649636551;301.99999999987034 
 1.255926830772778;63.60435377801253;302.99999999986943 
 3.4530030128443943;83.99093904624104;303.9999999998685 
 15.969100644149336;92.83711004551203;304.9999999998676 
 45.98259993679916;50.28256208159194;305.9999999998667 
 35.389486964879225;19.019562021104758;306.9999999998658 
 16.6350500834349;12.532564251935492;307.9999999998649 
 7.236247134901195;12.548677815402487;308.999999999864 
 3.2867064454662067;15.187209797032281;309.99999999986306 
 1.6664069663081307;19.879912856168495;310.99999999986215 
 1.0055973580941173;26.87330666628328;311.99999999986125 
 0.7805065608628443;36.786543978425826;312.99999999986034 
 0.8611121382929595;50.46859872972187;313.9999999998594 
 1.529860984477278;68.57839560734305;314.9999999998585 
 4.905740008242364;88.70043638943575;315.9999999998576 
 23.39261555992326;87.26411776125693;316.9999999998567 
 47.43128211583446;38.37118778951218;317.9999999998558 
 29.849984732027313;16.192273402368436;318.9999999998549 
 13.492696668994933;12.188461308355341;319.99999999985397 
 5.888596924397051;13.012513387781192;320.99999999985306 
 2.7340033534074717;16.17585985719576;321.99999999985215 
 1.4392066919727464;21.40791426685751;322.99999999985124 
 0.9179845405213537;29.06805642758043;323.99999999985033 
 0.770506839274256;39.84689861601005;324.9999999998494 
 0.9466725877837678;54.614738047619234;325.9999999998485 
 1.9366013206199657;73.75390079519022;326.9999999998476 
 7.197725778698345;92.37860664846545;327.9999999998467 
 32.271742018868345;77.05507085510749;328.9999999998458 
 45.19981943457322;29.389582944921226;329.9999999998449 
 24.743038017041425;14.354950742564812;330.99999999984396 
 10.926987479964641;12.111971344882765;331.99999999984306 
 4.811375741762688;13.617371720673027;332.99999999984215 
 2.29243791869775;17.293538280863782;333.99999999984124 
 1.2581604207472388;23.08886356723297;334.9999999998403 
 0.8526694488319287;31.46019796521572;335.9999999998394 
 0.7792012815765952;43.162114654622904;336.9999999998385 
 1.0751012197514953;59.05418816067356;337.9999999998376 
 2.550505211656727;79.01897322711872;338.9999999998367 
 10.786843272478281;94.12301585812564;339.9999999998358 
 40.65312528189045;63.63807878665739;340.99999999983487 
 40.6716163800904;23.11527025959476;341.99999999983396 
 20.281804912386406;13.196211676872707;342.99999999983305 
 8.851412513014308;12.248538012757127;343.99999999983214 
 3.9512443571140423;14.354761633551094;344.99999999983123 
 1.939483517215206;18.543881045834986;345.9999999998303 
 1.1146478336310688;24.932289205413962;346.9999999998294 
 0.8071073005763347;34.06345386578192;347.9999999998285 
 0.8088304935731978;46.74647701312547;348.9999999998276 
 1.2640458525785963;63.7787725926527;349.9999999998267 
 3.4946402899418625;84.1705778011759;350.9999999998258 
 16.199902077983193;92.71722105525373;351.99999999982487 
 46.10832369366452;49.81022039083188;352.99999999982396 
 35.18757545421097;18.89611019843098;353.99999999982305 
 16.51124249881926;12.514738660623227;354.99999999982214 
 7.182456845120254;12.562770583922918;355.9999999998212 
 3.264625969735711;15.220533948068972;356.9999999998203 
 1.6573301653516024;19.932275910413168;357.9999999998194 
 1.0020271711523872;26.948909450475814;358.9999999998185 
 0.7798383679977663;36.89227652787623;359.9999999998176 
 0.863586798686934;50.61252169386076;360.9999999998167 
 1.5418403231609707;68.76136079677384;361.99999999981577 
 4.971260754839136;88.85481027172254;362.99999999981486 
 23.69433976752474;86.97475057435447;363.99999999981395 
 47.407800365372225;37.9964278200445;364.99999999981304 
 29.65698180837169;16.111373587714745;365.99999999981213 
 13.39100881959859;12.181488740507183;366.9999999998112 
 5.8455510273746025;13.031888643195515;367.9999999998103 
 2.7163618201635664;16.213792978296755;368.9999999998094 
 1.4319608830428125;21.46564282045214;369.9999999998085 
 0.9152714657049402;29.15055364250822;370.9999999998076 
 0.7704891474925027;39.96157259827759;371.9999999998067 
 0.9504669442968302;54.76925442631531;372.99999999980577 
 1.9545222936727293;73.94249959532723;373.99999999980486 
 7.301141867070578;92.48127200411402;374.99999999980395 
 32.59678878140223;76.6139007961578;375.99999999980304 
 45.06782112711034;29.12056071711159;376.9999999998021 
 24.570814148656943;14.303025472420696;377.9999999998012 
 10.84439500851226;12.11346145507271;378.9999999998003 
 4.776981677785787;13.641636008266431;379.9999999997994 
 2.2783348642658976;17.33618079595531;380.9999999997985 
 1.2523976685838065;23.152282521952387;381.9999999997976 
 0.8507030355151187;31.550073046939843;382.99999999979667 
 0.7798877226784297;43.28626631890242;383.99999999979576 
 1.080718304287569;59.219238382289845;384.99999999979485 
 2.5778062774510686;79.20776887120566;385.99999999979394 
 10.946941451799063;94.1349267581514;386.99999999979303 
 40.912665942540116;63.12998309402535;387.9999999997921 
 40.48408735837734;22.932032497840684;388.9999999997912 
 20.134290759979507;13.164391812159218;389.9999999997903 
 8.784820500345736;12.256940675321687;390.9999999997894 
 3.9237792678649024;14.383701945054057;391.9999999997885 
 1.928205209651101;18.591401341955574;392.9999999997876 
 1.1100985301792754;25.00176799065841;393.99999999978667 
 0.8058170869367598;34.161220515905576;394.99999999978576 
 0.8103347565841068;46.88060243586665;395.99999999978485 
 1.272289548470494;63.95377679250888;396.99999999978394 
 3.5370128328757215;84.34989287221454;397.99999999978303 
 16.433825699128416;92.59145818328149;398.9999999997821 
 46.2286382757994;49.340000301691504;399.9999999997812 
 34.98536292212295;18.774318400762702;400.9999999997803 
 16.388103385798395;12.49733318228451;401.9999999997794 
 7.1290181987741645;12.577082857037484;402.9999999997785 
 3.242692210887432;15.25407022709937;403.9999999997776 
 1.6483135402741698;19.984900982985902;404.99999999977666 
 0.9984852030363429;27.024859230172844;405.99999999977575 
 0.779192279558285;36.998470843651;406.99999999977484 
 0.866106123304897;50.757026442996946;407.99999999977393 
 1.5540082616478117;68.94484905904838;408.999999999773 
 5.037962787361957;89.00807057070227;409.9999999997721 
 23.99848064817897;86.67878027654747;410.9999999997712 
 47.37948235069778;37.6250681306994;411.9999999997703 
 29.464310060591046;16.03160561022242;412.9999999997694 
 13.289919543637764;12.174846412634505;413.9999999997685 
 5.802789958603247;13.051472887970155;414.99999999976757 
 2.6988372076757536;16.25194707349679;415.99999999976666 
 1.4247637713217682;21.523651901428956;416.99999999976575 
 0.9125831168078351;29.233424454682805;417.99999999976484 
 0.7704955510657517;40.07674063873826;418.99999999976393 
 0.9543221905490616;54.9243716679531;419.999999999763 
 1.972736425397098;74.13148530180841;420.9999999997621 
 7.4063989646764545;92.58156598379745;421.9999999997612 
 32.92159964250027;76.16788989841011;422.9999999997603 
 44.932747010743675;28.854673450359744;423.9999999997594 
 24.399203923020778;14.251882045325894;424.9999999997585 
 10.762315356689358;12.115225626143445;425.99999999975756 
 4.74281653163216;13.666105781682578;426.99999999975665 
 2.26432506153867;17.379055926532594;427.99999999975574 
 1.246674759026114;23.216002630729463;428.99999999975483 
 0.848759200575314;31.640350206011178;429.9999999997539 
 0.7806022116823136;43.41094427638452;430.999999999753 
 1.0864217469793793;59.3848941923148;431.9999999997521 
 2.6055731480739937;79.39668943181921;432.9999999997512 
 11.109678537849916;94.14271411614439;433.9999999997503 
 41.16852813949353;62.6208312346222;434.9999999997494 
 40.29515870439571;22.75115694354065;435.99999999974847 
 19.98747010472907;13.133130313147253;436.99999999974756 
 8.718656043673944;12.265582952283717;437.99999999974665 
 3.896497258135503;14.41284942079681;438.99999999974574 
 1.9170014722297646;18.639168384090635;439.99999999974483 
 1.1055823473010251;25.071570631960835;440.9999999997439 
 0.8045485932521785;34.259419417866646;441.999999999743 
 0.8118737092034661;47.01528484553061;442.9999999997421 
 1.2806600476540846;64.12936596379812;443.9999999997412 
 3.58013534799807;84.52886068912514;444.9999999997403 
 16.670882018671186;92.45975026280533;445.9999999997394 
 46.343510067207156;48.87199337424148;446.99999999973846 
 34.78288020376867;18.654169195019342;447.99999999973755 
 16.265633182504278;12.480345052276752;448.99999999973664 
 7.0759298014784155;12.591614666704508;449.99999999973573 
 3.2209044753461553;15.28781936367044;450.9999999997348 
 1.6393568307335742;20.037789231988402;451.9999999997339 
 0.9949713967441594;27.101157604879806;452.999999999733 
 0.7785684037306051;37.10512895611998;453.9999999997321 
 0.8686706963243401;50.90211489119522;454.9999999997312 
 1.5663682238768213;69.12885773921091;455.9999999997303 
 5.105869147752358;89.16017702602008;456.99999999972937 
 24.304982293972827;86.37620433206293;457.99999999972846 
 47.346367134391215;37.257130292915164;458.99999999972755 
 29.271986455505118;15.952957548035018;459.99999999972664 
 13.189427982039927;12.168532759396019;460.99999999972573 
 5.760312488636484;13.071266398243871;461.9999999997248 
 2.6814289628413395;16.29032298670238;462.9999999997239 
 1.417615161304834;21.581942775940426;463.999999999723 
 0.9099194741904025;29.316670580921205;464.9999999997221 
 0.7705262232839267;40.19240483930506;465.9999999997212 
 0.9582392155450958;55.08009131369821;466.9999999997203 
 1.9912493093228212;74.32085137285064;467.99999999971936 
 7.5135294451644015;92.67942617057167;468.99999999971845 
 33.246047759574104;75.71713949314535;469.99999999971755 
 44.794656036780694;28.5919069063321;470.99999999971664 
 24.228215433480585;14.201512907918541;471.9999999997157 
 10.680747148484294;12.117263057510705;472.9999999997148 
 4.7088792629407035;13.690781501290543;473.9999999997139 
 2.2504080748840063;17.42216462471333;474.999999999713 
 1.2409915502416862;23.28002527064179;475.9999999997121 
 0.8468379621301949;31.73103127501968;476.9999999997112 
 0.7813450123133118;43.53615065645736;477.99999999971027 
 1.0922129242565686;59.55115641316215;478.99999999970936 
 2.6338150305079173;79.58572173482821;479.99999999970845 
 11.275088786819524;94.14629687741271;480.99999999970754 
 41.42059488607541;62.11076551106733;481.99999999970663 
 40.10487821978829;22.572622323807927;482.9999999997057 
 19.841345970831306;13.102422572053941;483.9999999997048 
 8.65291765652836;12.274464543481258;484.9999999997039 
 3.8693974707317143;14.442204669156988;485.999999999703 
 1.9058719660660735;18.68718323039418;486.9999999997021 
 1.101099188637366;25.141698620397538;487.9999999997012 
 0.8033018794039519;34.358052513911424;488.99999999970026 
 0.8134477469569654;47.15052632394764;489.99999999969936 
 1.2891595231392785;64.30553962590189;490.99999999969845 
 3.624022850919369;84.70745709733366;491.99999999969754 
 16.91107990363792;92.32202722339476;492.9999999996966 
 46.45290874054097;48.406288789509674;493.9999999996957 
 34.58015767697321;18.535645252370664;494.9999999996948 
 16.143832251975834;12.463771542582636;495.9999999996939 
 7.023190252791926;12.606366052874277;496.999999999693 
 3.199262069959231;15.32178209273103;497.9999999996921 
 1.6304597769843225;20.090941822020426;498.99999999969117 
 0.9914856960125439;27.177806182207952;499.99999999969026 
 0.7779668509208166;37.212252903590915;500.99999999968935 
 0.8712811126817646;51.047788946807614;501.99999999968844 
 1.5789237066410695;69.31338406124966;502.99999999968753 
 5.175003305223766;89.31108849961258;503.9999999996866 
 24.61378556496;86.06702386551413;504.9999999996857 
 47.30849561104702;36.892633941628034;505.9999999996848 
 29.080027620200386;15.875417597803173;506.9999999996839 
 13.089533233779477;12.162546238720568;507.999999999683 
 5.718117385353931;13.09126945667077;508.9999999996821 
 2.6641365331585343;16.328921567365768;509.99999999968117 
 1.4105148580709248;21.640516717056155;510.99999999968026 
 0.9072805191259868;29.40029374644072;511.99999999967935 
 0.770581340632754;40.30856730868862;512.9999999996785 
 0.9622189252527449;55.23641488774812;513.9999999996776 
 2.0100666607579183;74.51059105378884;514.9999999996767 
 7.622566080351501;92.77478908040509;515.9999999996758 
 33.57000429529491;75.26175457453134;516.9999999996749 
 44.65360738737641;28.332246107628244;517.999999999674 
 24.057856556622013;14.151910594581356;518.999999999673 
 10.59968898508375;12.119572963877674;519.9999999996721 
 4.675168830476131;13.715663633224633;520.9999999996712 
 2.2365834693168725;17.465507848421517;521.9999999996703 
 1.2353479009940522;23.344351826114174;522.9999999996694 
 0.8449393394860353;31.822118095100898;523.9999999996685 
 0.7821163930105233;43.661887593113384;524.9999999996676 
 1.0980932398620817;59.718025831145965;525.9999999996667 
 2.6625413326424554;79.77485224174507;526.9999999996658 
 11.44320627680693;94.14559336135346;527.9999999996649 
 41.668751026900466;61.59992826597856;528.9999999996639 
 39.9132932993911;22.396407280948726;529.999999999663 
 19.6959212534582;13.072264038566143;530.9999999996621 
 8.587603840504903;12.283585159385451;531.9999999996612 
 3.842479048497764;14.471768303970988;532.9999999996603 
 1.8948163529109259;18.735446945165247;533.9999999996594 
 1.0966489584763572;25.212153454810814;534.9999999996585 
 0.802077006885747;34.457121754727666;535.9999999996576 
 0.8150572724855418;47.286328953636364;536.9999999996567 
 1.2977901927484896;64.48229722952435;537.9999999996558 
 3.6686906725267723;84.88565734532156;538.9999999996548 
 17.15442649839256;92.17822018970318;539.9999999996539 
 46.55680726048607;47.94297330621339;540.999999999653 
 34.377225261726856;18.418729351872113;541.9999999996521 
 16.022700883318045;12.44760996150487;542.9999999996512 
 6.970798146407159;12.621337063475833;543.9999999996503 
 3.17776430203758;15.355959154658787;544.9999999996494 
 1.6216221198914247;20.14435992421631;545.9999999996485 
 0.9880280453293875;27.25480657791065;546.9999999996476 
 0.77738773379479;37.31984473229915;547.9999999996467 
 0.8739379782967108;51.19405051211033;548.9999999996458 
 1.5916782812945092;69.49842512494318;549.9999999996448 
 5.245389161249429;89.46076296112125;550.9999999996439 
 24.92482805010768;85.75124375158826;551.999999999643 
 47.265910446172775;36.53159680858749;552.9999999996421 
 28.888449844612328;15.798974074921016;553.9999999996412 
 12.990234356608461;12.15688533162941;554.9999999996403 
 5.676203414086371;13.11148235242467;555.9999999996394 
 2.6469593667559006;16.3677436705148;556.9999999996385 
 1.4034626672944084;21.699375004800245;557.9999999996376 
 0.9046662338163561;29.484295684890732;558.9999999996367 
 0.7706610828531393;40.42523016235029;559.9999999996357 
 0.9662622429699037;55.393343896696365;560.9999999996348 
 2.0291943196334925;74.7006973717494;561.9999999996339 
 7.733542033735551;92.86759015790567;562.999999999633 
 33.893338527227186;74.80184373223129;563.9999999996321 
 44.509660435666476;28.07567536917931;564.9999999996312 
 23.888134954758392;14.103067726953958;565.9999999996303 
 10.519139445332378;12.122154575140968;566.9999999996294 
 4.641684192213093;13.740752649399516;567.9999999996285 
 2.222850810521164;17.509086561420094;568.9999999996276 
 1.2297436706537848;23.408983688956987;569.9999999996267 
 0.8430633531580487;31.913612515960224;570.9999999996257 
 0.782916627018037;43.78815722484123;571.9999999996248 
 1.1040641254639827;59.885503195381006;572.9999999996239 
 2.691761667762478;79.9640670410593;573.999999999623 
 11.61406486793595;94.14052129807274;574.9999999996221 
 41.91288337097399;61.08846173767027;575.9999999996212 
 39.72045091890077;22.2224903857519;576.9999999996203 
 19.551198720532838;13.042650219381871;577.9999999996194 
 8.522713085558257;12.292944521057327;578.9999999996185 
 3.8157411343741057;14.501540944555737;579.9999999996176 
 1.88383429516814;18.783960598882086;580.9999999996166 
 1.0922315617644034;25.28293664184621;581.9999999996157 
 0.8008740388317113;34.556629099454256;582.9999999996148 
 0.816702695688089;47.42269481759469;583.9999999996139 
 1.3065543201496075;64.65963815480012;584.999999999613 
 3.714154465069911;85.06343607181125;585.9999999996121 
 17.40092714483706;92.028261582723;586.9999999996112 
 46.65518188253514;47.48213122165955;587.9999999996103 
 34.17411241992867;18.30340438390851;588.9999999996094 
 15.902239292854796;12.431857653362549;589.9999999996085 
 6.918752070339222;12.636527754404028;590.9999999996076 
 3.1564104793965515;15.390351295286674;591.9999999996066 
 1.6128436009441696;20.198044716281224;592.9999999996057 
 0.9845983899466251;27.332160415919084;593.9999999996048 
 0.7768311673188965;37.427906496395025;594.9999999996039 
 0.8766419103010018;51.34090148292885;595.999999999603 
 1.6046355955009861;69.683977902624;596.9999999996021 
 5.317051054405381;89.60915747329472;597.9999999996012 
 25.23804403226663;85.42887270172234;598.9999999996003 
 47.218656014431694;36.174034756930894;599.9999999995994 
 28.697269084172753;15.723615413703227;600.9999999995985 
 12.891530367783036;12.151548542060363;601.9999999995975 
 5.634569337740318;13.131905381204193;602.9999999995966 
 2.6298969124218914;16.406790156783284;603.9999999995957 
 1.3964583952570588;21.75851892618921;604.9999999995948 
 0.9020766014075113;29.568678138384453;605.9999999995939 
 0.7707656330018593;40.54239552245146;606.999999999593 
 0.9703701097003067;55.55087982887771;607.9999999995921 
 2.0486382534156538;74.89116313019008;608.9999999995912 
 7.8464908531744;92.95776377288635;609.9999999995903 
 34.2159179630184;74.33751907723341;610.9999999995894 
 44.3628747068231;27.82217832922482;611.9999999995885 
 23.719058078426386;14.054977013432163;612.9999999995875 
 10.439097086189413;12.12500713629816;613.9999999995866 
 4.608424305419913;13.766049027525737;614.9999999995857 
 2.2092096648716177;17.55290173334339;615.9999999995848 
 1.224178719209642;23.473922258403746;616.9999999995839 
 0.8412100248910973;32.00551639589589;617.999999999583 
 0.7837459924778564;43.91496169451339;618.9999999995821 
 1.1101270412823265;60.053589216653435;619.9999999995812 
 2.7214858591270263;80.15335183937816;620.9999999995803 
 11.78769816056705;94.13099786747395;621.9999999995794 
 42.152880822110596;60.57650791649305;622.9999999995784 
 39.526397623177786;22.050850150346122;623.9999999995775 
 19.407181014496853;13.013576677750693;624.9999999995766 
 8.458243870291748;12.302542360105688;625.9999999995757 
 3.7891828714549574;14.531523215731225;626.9999999995748 
 1.8729254559113746;18.832725268237276;627.9999999995739 
 1.0878469041177343;25.354049695990362;628.999999999573 
 0.7996930400452149;34.656576515691015;629.9999999995721 
 0.8183844338674747;47.559625999085675;630.9999999995712 
 1.3154542159149538;64.83756170935514;631.9999999995703 
 3.76043020831328;85.24076729273985;632.9999999995694 
 17.650585301525897;91.87208522348955;633.9999999995684 
 46.74801214722873;47.02384433678977;634.9999999995675 
 33.97084815536623;18.189653353449028;635.9999999995666 
 15.78244762527266;12.416511998188561;636.9999999995657 
 6.867050607112856;12.651938189507097;637.9999999995648 
 3.1351999103963046;15.424959265930083;638.9999999995639 
 1.6041239622698014;20.2519973825278;639.999999999563 
 0.9811966758931935;27.409869328378193;640.9999999995621 
 0.7762972688014861;37.536440257930266;641.9999999995612 
 0.8793935372733112;51.4883437482536;642.9999999995603 
 1.617799375026595;69.87003923586201;643.9999999995593 
 5.390013765053396;89.75622817740144;644.9999999995584 
 25.553364457424042;85.09992334746121;645.9999999995575 
 47.16677833734515;35.81996181690948;646.9999999995566 
 28.506500962514448;15.649330167502326;647.9999999995557 
 12.793420244783151;12.146534396692845;648.9999999995548 
 5.59321391692105;13.152538845237812;649.9999999995539 
 2.612948619633897;16.44606189244121;650.999999999553 
 1.389501848859836;21.8179497752698;651.9999999995521 
 0.8995116060056153;29.653442857530525;652.9999999995512 
 0.7708951775134545;40.66006551780274;653.9999999995503 
 0.9745434845383576;55.70902415369912;654.9999999995493 
 2.0684045600863366;75.08198090331045;655.9999999995484 
 7.961446462692397;93.04524321782799;656.9999999995475 
 34.53760846100845;73.86889616094163;657.9999999995466 
 44.21330984004687;27.571737979836673;658.9999999995457 
 23.550633168882186;14.007631248652674;659.9999999995448 
 10.359560443180099;12.12812990735595;660.9999999995439 
 4.575388126741005;13.791553251125842;661.999999999543 
 2.195659599455299;17.596954339730612;662.9999999995421 
 1.2186529072796333;23.539168941150514;663.9999999995412 
 0.8393793776807125;32.09783160182343;664.9999999995403 
 0.7846047725248592;44.04230314927223;665.9999999995393 
 1.116283476731601;60.22228456626547;666.9999999995384 
 2.7517239446406947;80.34269195237452;667.9999999995375 
 11.964139451568903;94.11693974088968;668.9999999995366 
 42.38863450637702;60.06420840212172;669.9999999995357 
 39.33117951517205;21.881465040626466;670.9999999995348 
 19.263870654067603;12.985039033012558;671.9999999995339 
 8.394194662243697;12.312378418645377;672.999999999533 
 3.762803403044798;14.561715747843179;673.9999999995321 
 1.8620894989006627;18.881742036172955;674.9999999995312 
 1.0834948918338232;25.4254941396096;675.9999999995302 
 0.7985340770280349;34.75696597950881;676.9999999995293 
 0.8201029118797798;47.697124581419;677.9999999995284 
 1.3244922386066655;65.01606712631991;678.9999999995275 
 3.807534215751772;85.41762438802554;679.9999999995266 
 17.903402461809275;91.70962643915189;680.9999999995257 
 46.8352808699458;46.5681919253504;681.9999999995248 
 33.76746101392375;18.077459383117628;682.9999999995239 
 15.663325954755303;12.401570411427885;683.999999999523 
 6.815692333947097;12.667568440574396;684.9999999995221 
 3.114131903981443;15.459783823414035;685.9999999995212 
 1.5954629466469188;20.306219113913183;686.9999999995202 
 0.9778228499880155;27.487934955682913;687.9999999995193 
 0.7757861579351192;37.64544808684411;688.9999999995184 
 0.8821934994791727;51.63637918984681;689.9999999995175 
 1.6311734255764838;70.0566058320663;690.9999999995166 
 5.4643025198470125;89.9019302786724;691.9999999995157 
 25.87071690849002;84.76441232019273;692.9999999995148 
 47.11032502056823;35.46939022266844;693.9999999995139 
 28.316160774229783;15.576107008768597;694.999999999513 
 12.695902926025504;12.141841444773757;695.999999999512 
 5.5521359100540115;13.173383053288937;696.9999999995111 
 2.5961139385868157;16.485559749425267;697.9999999995102 
 1.3825928356345645;21.877668853156933;698.9999999995093 
 0.8969712326930749;29.738591601464595;699.9999999995084 
 0.7710499062633249;40.77824228380919;700.9999999995075 
 0.9787833450630566;55.867778320951054;701.9999999995066 
 2.0884994711937015;75.27314303032485;702.9999999995057 
 8.078443153365463;93.1299607062985;703.9999999995048 
 34.8582743560831;73.39609388761816;704.9999999995039 
 44.06102555151527;27.32433669697507;705.999999999503 
 23.382867260602033;13.961023312965178;706.999999999502 
 10.280528030843895;12.131522163238866;707.9999999995011 
 4.542574612278736;13.817265809549943;708.9999999995002 
 2.182200182092993;17.64124536205857;709.9999999994993 
 1.2131660961221298;23.6047251513938;710.9999999994984 
 0.837571435794427;32.19056000929798;711.9999999994975 
 0.785493255383736;44.17018374041016;712.9999999994966 
 1.1225349510788498;60.3915898748472;713.9999999994957 
 2.7824861816172035;80.53207229553355;714.9999999994948 
 12.143421688604422;94.09826312533183;715.9999999994939 
 42.62003789626324;59.551704262118186;716.999999999493 
 39.13484224546305;21.714313488260675;717.999999999492 
 19.121270035988584;12.957032960136148;718.9999999994911 
 8.33056391817206;12.32245244925597;719.9999999994902 
 3.7366018727146675;14.59211917678563;720.9999999994893 
 1.8513260885990017;18.931011991915998;721.9999999994884 
 1.0791754319029692;25.497271502987534;722.9999999994875 
 0.7973972180101054;34.8577994754572;723.9999999994866 
 0.8218585622869061;47.83519264772361;724.9999999994857 
 1.3336707958891234;65.19515356228906;725.9999999994848 
 3.8554831408851795;85.59398008812093;726.9999999994839 
 18.159378071122475;91.54082217131459;727.999999999483 
 46.916974126331375;46.11525070716802;728.999999999482 
 33.563979084014676;17.966805716087894;729.9999999994811 
 15.544874286111268;12.38703034363773;730.9999999994802 
 6.764675822938989;12.68341858732458;731.9999999994793 
 3.0932057697206297;15.494825730100471;732.9999999994784 
 1.5868602975190191;20.360711108075776;733.9999999994775 
 0.9744768598532246;27.566358946514;734.9999999994766 
 0.7752979568396727;37.75493206094663;735.9999999994757 
 0.8850424491166141;51.78500968183672;736.9999999994748 
 1.6447616346770728;70.24367426099799;737.9999999994739 
 5.5399429960413;90.04621803178617;738.999999999473 
 26.190025583857814;84.42236032695904;739.999999999472 
 47.04934519084607;35.12233044999398;740.9999999994711 
 28.126263487683566;15.503934729057212;741.9999999994702 
 12.598977311571693;12.137468257945343;742.9999999994693 
 5.511334073505675;13.194438320661702;743.9999999994684 
 2.5793923202216207;16.525284605369606;744.9999999994675 
 1.3757311637556986;21.93767746807203;745.9999999994666 
 0.8944554675449305;29.824126137880505;746.9999999994657 
 0.7712300126322141;40.89692796241433;747.9999999994648 
 0.98309068774159;56.02714376010205;748.9999999994639 
 2.108929354974465;75.4646416095967;749.999999999463 
 8.197515573242805;93.21184737238491;750.999999999462 
 35.17777859059009;72.91923442025882;751.9999999994611 
 43.906081598293625;27.07995627005151;752.9999999994602 
 23.21576718378227;13.91514617189247;753.9999999994593 
 10.201998343178298;12.13518319369907;754.9999999994584 
 4.50998271767432;13.843187197991954;755.9999999994575 
 2.168830981360306;17.68577578777511;756.9999999994566 
 1.2077181476469436;23.67059231086953;757.9999999994557 
 0.8357862247934391;32.28370350253731;758.9999999994548 
 0.786411734468044;44.298605623247134;759.9999999994538 
 1.1288830141181314;60.561505731139945;760.9999999994529 
 2.8137830516371056;80.72147737470104;761.999999999452 
 12.325577422399817;94.07488381043308;762.9999999994511 
 42.84698693131036;59.039135892060685;763.9999999994502 
 38.937431002398505;21.54937390227539;764.9999999994493 
 18.979381436769206;12.929554189255807;765.9999999994484 
 8.26735008433567;12.332764214940923;766.9999999994475 
 3.710577424357583;14.622734144023747;767.9999999994466 
 1.840634890188642;18.9805362310132;768.9999999994457 
 1.0748884320198282;25.569383324363127;769.9999999994448 
 0.7962825329797233;34.95907899657217;770.9999999994438 
 0.8236518255125632;47.97383228071538;771.9999999994429 
 1.3429923456691728;65.37482009523036;772.999999999442 
 3.904293983548769;85.76980646036148;773.9999999994411 
 18.418509443562204;91.36561108654328;774.9999999994402 
 46.993081233468295;45.66509482547719;775.9999999994393 
 33.36042999722636;17.85767571880365;776.9999999994384 
 15.427092555892374;12.372889280188568;777.9999999994375 
 6.713999641244988;12.69948871739381;778.9999999994366 
 3.072420817845532;15.530085753915435;779.9999999994357 
 1.5783157590077843;20.415474569372112;780.9999999994347 
 0.9711586539274188;27.645142957873425;781.9999999994338 
 0.774832790106207;37.864894265901114;782.9999999994329 
 0.887941050567466;51.93423709030132;783.999999999432 
 1.658567973604751;70.43124095119659;784.9999999994311 
 5.616961325587838;90.18904472642492;785.9999999994302 
 26.511211280988046;84.07379222203593;786.9999999994293 
 46.9838894327616;34.77879125492593;787.9999999994284 
 27.93682374787463;15.432802238982408;788.9999999994275 
 12.50264226383019;12.133413430073759;789.9999999994266 
 5.470807161702955;13.215704969206401;790.9999999994257 
 2.562783216253514;16.565237343636234;791.9999999994247 
 1.368916642052002;21.997976935380795;792.9999999994238 
 0.891964297645399;29.910048243060718;793.9999999994229 
 0.7714356935719388;41.01612470204033;794.999999999422 
 0.9874665283425098;56.18712187957315;795.9999999994211 
 2.129700719548769;75.65646849262971;796.9999999994202 
 8.318698716254191;93.29083327120311;797.9999999994193 
 35.49598285010331;72.43844308003519;798.9999999994184 
 43.748537743225164;26.838577930985483;799.9999999994175 
 23.04933956684132;13.869992875579449;800.9999999994166 
 10.123969854079332;12.139112303226915;801.9999999994156 
 4.477611398188143;13.86931791750567;802.9999999994147 
 2.155551566608711;17.730546610332087;803.9999999994138 
 1.2023089244264946;23.736771848890957;804.9999999994129 
 0.8340237715546435;32.37726397444268;805.999999999412 
 0.7873605084813853;44.42757095700251;806.9999999994111 
 1.1353292468615894;60.73203268074551;807.9999999994102 
 2.8456252654996463;80.91089127642294;808.9999999994093 
 12.510638756957086;94.04671721814826;809.9999999994084 
 43.06938013491742;58.526642877553066;810.9999999994075 
 38.73899050282327;21.386624680234455;811.9999999994066 
 18.838207014417385;12.902598505208912;812.9999999994056 
 8.204551596773857;12.343313489087262;813.9999999994047 
 3.6847292022437736;14.653561296616537;814.9999999994038 
 1.830015569587436;19.030315855366474;815.9999999994029 
 1.070633800595132;25.641831149968116;816.999999999402 
 0.7951900937143717;35.060806544382025;817.9999999994011 
 0.8254831500018222;48.113045562456534;818.9999999994002 
 1.3524593972649155;65.55506572233864;819.9999999993993 
 3.953984096295451;85.9450748951052;820.9999999993984 
 18.68079167788958;91.18393368891057;821.9999999993975 
 47.06359472689842;45.217795828259476;822.9999999993966 
 33.156840929172205;17.75005288353337;823.9999999993956 
 15.309980633504411;12.359144740966933;824.9999999993947 
 6.663662351261042;12.715778926324488;825.9999999993938 
 3.0517763592894918;15.56556466837653;826.9999999993929 
 1.5698290759263818;20.470510708913803;827.999999999392 
 0.9678681814790915;27.724288655119818;828.9999999993911 
 0.7743907848417181;37.975336795204534;829.9999999993902 
 0.8908899806545929;52.08406327284113;830.9999999993893 
 1.6725964993624283;70.61930218631552;831.9999999993884 
 5.695384098995267;90.33036267291826;832.9999999993875 
 26.83419138525467;83.7187370739713;833.9999999993865 
 46.91400972537442;34.438779713145365;834.9999999993856 
 27.747855879343096;15.362698568121694;835.9999999993847 
 12.406896608251975;12.129675577078967;836.9999999993838 
 5.430553927251408;13.237183327325393;837.9999999993829 
 2.5462860791997475;16.60541885334586;838.999999999382 
 1.3621490800181557;22.0585685776313;839.9999999993811 
 0.8894977111046272;29.996359701906876;840.9999999993802 
 0.7716671496724891;41.13583465752654;841.9999999993793 
 0.9919119023589629;56.34771406599468;842.9999999993784 
 2.1508202161897136;75.84861527791439;843.9999999993775 
 8.44202791005757;93.36684738054923;844.9999999993765 
 35.812747703813464;71.95384823943174;845.9999999993756 
 43.58845372080338;26.60018238273281;846.9999999993747 
 22.88359083891949;13.82555655823135;847.9999999993738 
 10.046441017777553;12.14330881096241;848.9999999993729 
 4.4454596087790925;13.895658475021277;849.999999999372 
 2.1423615079862826;17.77555882921899;850.9999999993711 
 1.1969382897069323;23.80326520238771;851.9999999993702 
 0.8322841042930106;32.471243326620915;852.9999999993693 
 0.7883398815208124;44.55708190466425;853.9999999993684 
 1.141875262247745;60.9031712248457;854.9999999993674 
 2.8780237682703484;81.10029765808083;855.9999999993665 
 12.698637297684115;94.01367845528792;856.9999999993656 
 43.28711872708125;58.01436385838969;857.9999999993647 
 38.53956498337963;21.22604421900831;858.9999999993638 
 18.697748810160036;12.876161747072251;859.9999999993629 
 8.142166881582432;12.354100055425993;860.999999999362 
 3.6590563510749368;14.684601287240232;861.9999999993611 
 1.819467793464868;19.080351973268773;862.9999999993602 
 1.0664114467673893;25.714616534065453;863.9999999993593 
 0.7941199738120588;35.16298412891347;864.9999999993584 
 0.8273529923842879;48.25283457410927;865.9999999993574 
 1.3620745126038396;65.73588935783576;866.9999999993565 
 4.004571190825611;86.11975609166927;867.9999999993556 
 18.946217573118343;90.99573243445134;868.9999999993547 
 47.12851033361435;44.773422653527675;869.9999999993538 
 32.95323860054085;17.64392083076166;870.9999999993529 
 15.193538322309132;12.34579428007995;871.999999999352 
 6.613662510800844;12.732289317554493;872.9999999993511 
 3.031271705725865;15.60126325262082;873.9999999993502 
 1.561399993792714;20.525820744605078;874.9999999993493 
 0.9646053926202427;27.80379771200436;875.9999999993483 
 0.7739720707148151;38.08626175016742;876.9999999993474 
 0.893889928905245;52.234490078140404;877.9999999993465 
 1.6868513567051133;70.807854101366;878.9999999993456 
 5.775238368934241;90.47012318800012;879.9999999993447 
 27.158879864286206;83.35722822777872;880.9999999993438 
 46.839759378851156;34.10230126004607;881.9999999993429 
 27.559373889119655;15.293612864872532;882.999999999342 
 12.31173913402014;12.126253336766549;883.9999999993411 
 5.39057312105224;13.258873729979648;884.9999999993402 
 2.529900362407243;16.645830029409495;885.9999999993393 
 1.3554282878264243;22.119453724593175;886.9999999993383 
 0.8870556970757622;30.083062307971073;887.9999999993374 
 0.7719245852306096;41.25605999006659;888.9999999993365 
 0.9964278654423319;56.50892168344444;889.9999999993356 
 2.1722946426692666;76.04107330462762;890.9999999993347 
 8.567538802777646;93.43981760375813;891.9999999993338 
 36.127932749297194;71.46558120923969;892.9999999993329 
 43.425889204032664;26.364749827270796;893.999999999332 
 22.718527232374843;13.781830437541624;894.9999999993311 
 9.969410269269229;12.147772050607658;895.9999999993302 
 4.413526304182689;13.922209383362247;896.9999999993292 
 2.129260376458103;17.820813449997154;897.9999999993283 
 1.1916061074192528;23.870073815945286;898.9999999993274 
 0.83056725258431;32.565643469406446;899.9999999993265 
 0.7893501631824853;44.687140632855176;900.9999999993256 
 1.1485227058674414;61.07492181888977;901.9999999993247 
 2.9109897444248998;81.28967973781613;902.9999999993238 
 12.889604097411917;93.97568236894516;903.9999999993229 
 43.50010673281792;57.502436395166086;904.999999999322 
 38.3391981923691;21.067610925145193;905.9999999993211 
 18.558008750153377;12.850239807698557;906.9999999993202 
 8.080194355186771;12.365123707993181;907.9999999993192 
 3.633558016037813;14.715854774212062;908.9999999993183 
 1.8089912292579242;19.130645699440553;909.9999999993174 
 1.0622212804146483;25.787741038988532;910.9999999993165 
 0.7930722487232371;35.26561376869839;911.9999999993156 
 0.8292618176410123;48.39320139568575;912.9999999993147 
 1.3718403074512506;65.91728983071835;913.9999999993138 
 4.056073344460855;86.29382004407115;914.9999999993129 
 19.21477754386085;90.8009518473771;915.999999999312 
 47.187826941151;44.33204161847637;916.9999999993111 
 32.74964927833008;17.53926331141943;917.9999999993101 
 15.077765360713805;12.332835485560476;918.9999999993092 
 6.563998673270638;12.749020002406848;919.9999999993083 
 3.0109061696051334;15.637182291433378;920.9999999993074 
 1.5530282588422384;20.58140590118123;921.9999999993065 
 0.9613702383199382;27.883671810707934;922.9999999993056 
 0.7735767800021772;38.197671239893936;923.9999999993047 
 0.8969415978205418;52.38551934552014;924.9999999993038 
 1.7013367802157033;70.9968926788695;925.9999999993029 
 5.856551653565427;90.60827658070782;926.999999999302 
 27.48518726803417;82.98930336198255;927.999999999301 
 46.7611929711869;33.76935973139544;928.9999999993001 
 27.371391469711938;15.225534396260583;929.9999999992992 
 12.217168594731291;12.123145368659705;930.9999999992983 
 5.3508634924170835;13.280776518695102;931.9999999992974 
 2.5136255200793425;16.686471772559727;932.9999999992965 
 1.3487540763379608;22.18063371329659;933.9999999992956 
 0.8846382457720201;30.170157863486914;934.9999999992947 
 0.7722082083196101;41.37680286714311;935.9999999992938 
 1.0010154938461728;56.67074607266732;936.9999999992929 
 2.1941309466812644;76.23383364618164;937.999999999292 
 8.695267348582139;93.50967077384183;938.999999999291 
 36.44139676139595;70.97377611960238;939.9999999992901 
 43.26090377228678;26.132259993028494;940.9999999992892 
 22.55415478527693;13.738807814109855;941.9999999992883 
 9.89287602474343;12.15250137033953;942.9999999992874 
 4.381810438988314;13.94897116126201;943.9999999992865 
 2.1162477438263667;17.866311484333504;944.9999999992856 
 1.1863122421903225;23.937199141843983;945.9999999992847 
 0.828873247388122;32.66046632188205;946.9999999992838 
 0.7903916686695339;44.817749311693795;947.9999999992829 
 1.1552732567076478;61.247284871247246;948.999999999282 
 2.944534623089208;81.47902028424208;949.999999999281 
 13.083569600272854;93.93264360488934;950.9999999992801 
 43.708251086040924;56.99099683861242;951.9999999992792 
 38.13793338216448;20.911303224848403;952.9999999992783 
 18.41898864718319;12.824828633252174;953.9999999992774 
 8.018632424612296;12.376384251090657;954.9999999992765 
 3.6082333428571007;14.74732242151317;955.9999999992756 
 1.7985855451867196;19.18119815506516;956.9999999992747 
 1.058063212166237;25.861206235178322;957.9999999992738 
 0.7920469957831822;35.36869749077649;958.9999999992729 
 0.8312100992750044;48.53414810578508;959.999999999272 
 1.3817594526689347;66.09926588244075;960.999999999271 
 4.108509006652487;86.46723602656435;961.9999999992701 
 19.486459535586743;90.59953863790516;962.9999999992692 
 47.241546562902116;43.89371641245828;963.9999999992683 
 32.5460987772744;17.436064208966947;964.9999999992674 
 14.962661423258211;12.320265979074701;965.9999999992665 
 6.514669387844864;12.76597110007897;966.9999999992656 
 2.9906790641927197;15.673322575274366;967.9999999992647 
 1.5447136180411467;20.637267410245062;968.9999999992638 
 0.9581626704182011;27.963912641874735;969.9999999992629 
 0.7732050476359749;38.30956738125597;970.999999999262 
 0.9000457031512324;52.53715290447228;971.999999999261 
 1.7160570964315873;71.18641374490622;972.9999999992601 
 5.939351939562672;90.74477213843925;973.9999999992592 
 27.813020734764855;82.61500454023603;974.9999999992583 
 46.67836628511011;33.43995740452037;975.9999999992574 
 27.183922002135517;15.158452547707677;976.9999999992565 
 12.123183709075157;12.120350353833482;977.9999999992556 
 5.311423789183518;13.302892041569075;978.9999999992547 
 2.4974610073032215;16.72734498938168;979.9999999992538 
 1.3421262571145576;22.242109888069944;980.9999999992529 
 0.8822453484842712;30.25764817939812;981.9999999992519 
 0.7725182308608148;41.498065462456886;982.999999999251 
 1.0056758848810878;56.83318855026915;983.9999999992501 
 2.2163362293433226;76.42688710361121;984.9999999992492 
 8.825249792041996;93.57633265896973;985.9999999992483 
 36.75299784490824;70.478569795323;986.9999999992474 
 43.093556880165686;25.90269216175782;987.9999999992465 
 22.390479343900438;13.696482070853358;988.9999999992456 
 9.816836682007398;12.157496132724164;989.9999999992447 
 4.350310967716646;13.975944333380994;990.9999999992438 
 2.103323182750797;17.91205395003437;991.9999999992428 
 1.181056559354212;24.00464264009746;992.9999999992419 
 0.8272021210713992;32.75571381189784;993.999999999241 
 0.7914647189024018;44.94891011464833;994.9999999992401 
 1.1621286279138707;61.42026074182183;995.9999999992392 
 2.9786700833761968;81.66830160593072;996.9999999992383 
 13.280563583414747;93.88447666897603;997.9999999992374 
 43.9114617286653;56.48018020192438;998.9999999992365 
 37.935813302160994;20.757099573574976;999.9999999992356 
