 30;80;0 
 46.5552485503404;31.273230621553022;1.0000000000000007 
 26.111478322856435;14.542784235201013;2.0000000000000013 
 11.4965501838951;11.917621476207914;2.99999999999998 
 5.012781917372356;13.245633054286163;3.9999999999999587 
 2.3538218159193187;16.750621254330753;4.999999999999938 
 1.265770347968315;22.328634633185676;5.9999999999999165 
 0.8339033832018542;30.404405809894698;6.999999999999895 
 0.7328229913887552;41.705306037272706;7.999999999999874 
 0.9586472963899465;57.101871752117795;8.999999999999853 
 2.1265220985660216;76.79175083123039;9.999999999999831 
 8.586118815082585;94.35158036566631;10.99999999999981 
 37.27490458147506;71.60860794578218;11.999999999999789 
 44.39132043540841;25.48631660072096;12.999999999999767 
 22.67666674093362;13.166478228102834;13.999999999999746 
 9.773068575136126;11.645837266921856;14.999999999999725 
 4.257500660750193;13.409372376778618;15.999999999999703 
 2.018508094032353;17.221991909699774;16.999999999999858 
 1.1060365488270039;23.11909483892023;18.000000000000014 
 0.7503650588411545;31.590139150576995;19.00000000000017 
 0.6883388693738701;43.411023459609325;20.000000000000327 
 0.9568977350445332;59.47951585934756;21.000000000000483 
 2.303984905349245;79.83740044626575;22.00000000000064 
 10.132910770763175;96.24224182309204;23.000000000000796 
 41.81917231551696;65.89312661968168;24.000000000000952 
 42.756763020577246;22.492044902068045;25.00000000000111 
 20.786262907881618;12.369942210875378;26.000000000001265 
 8.83470415047012;11.406191181248012;27.00000000000142 
 3.8353665775842387;13.39112869757678;28.000000000001577 
 1.8215336106924982;17.35085424191969;29.000000000001734 
 1.0040879278876023;23.391912391035223;30.00000000000189 
 0.688514843099537;32.03834567507895;31.000000000002046 
 0.6422798666603435;44.09550365373844;32.0000000000022 
 0.915616484650417;60.49379667057321;33.000000000002004 
 2.2869052437959843;81.28005501565832;34.000000000001805 
 10.536797729148315;97.66153292787456;35.000000000001606 
 43.71729097925666;64.44775442274029;36.00000000000141 
 42.64122179736693;21.384656134070916;37.00000000000121 
 20.287408277006868;11.911944991246164;38.00000000000101 
 8.531425226655395;11.117811140506074;39.00000000000081 
 3.6746184900254257;13.14099699064143;40.00000000000061 
 1.7320053087411118;17.088662348365077;41.00000000000041 
 0.9467327606423107;23.087858906023975;42.00000000000021 
 0.642708341406575;31.66985542468071;43.000000000000014 
 0.5922806834625745;43.649434519202835;43.999999999999815 
 0.8323150133158348;59.9946769192647;44.999999999999616 
 2.0505954851356414;80.94643461992342;45.99999999999942 
 9.500269126463001;98.81515387696123;46.99999999999922 
 42.85879167252124;68.09796654943116;47.99999999999902 
 44.474700460721195;21.968801024941392;48.99999999999882 
 21.21261150159213;11.727118148082496;49.99999999999862 
 8.844393540370728;10.757995757900366;50.99999999999842 
 3.7610498917709294;12.64717823663393;51.999999999998224 
 1.7425004221150193;16.426122727853443;52.999999999998025 
 0.9307162571483222;22.1963769971555;53.999999999997826 
 0.612478828349564;30.469196765381046;54.99999999999763 
 0.5413309615693437;42.045647895687495;55.99999999999743 
 0.7199773593342541;57.92329451484324;56.99999999999723 
 1.6586323237348424;78.655559991885;57.99999999999703 
 7.328037933301725;98.95746305769188;58.99999999999683 
 38.17256875130589;77.33099698909436;59.99999999999663 
 48.34498885453265;24.814894675230086;60.99999999999643 
 23.86176271889064;11.90324041895686;61.999999999996234 
 9.899122872091663;10.35765001278717;62.999999999996035 
 4.139174301851292;11.936329584082952;63.999999999995836 
 1.868536380872384;15.395727320570076;64.99999999999635 
 0.9620979123711064;20.760125291909088;65.99999999999686 
 0.6018106096983878;28.492002221095326;66.99999999999737 
 0.49619681417072947;39.35189466328783;67.99999999999788 
 0.60091125313466;54.339342730887964;68.9999999999984 
 1.2274165884506785;74.31141029700252;69.9999999999989 
 4.82734284625286;96.7101602299353;70.99999999999942 
 28.66275902694502;90.71481630114123;71.99999999999993 
 53.32073749033793;31.836872753844858;73.00000000000044 
 28.900235634542398;12.76482405980646;74.00000000000095 
 12.034526688307514;10.013345380827362;75.00000000000146 
 4.9389029171014895;11.075388741639019;76.00000000000198 
 2.1578909010274696;14.07113703005354;77.00000000000249 
 1.0592712158716089;18.873518941713883;78.000000000003 
 0.6196026643201679;25.863718923804207;79.00000000000351 
 0.4655581138361856;35.73255090454324;80.00000000000402 
 0.4966081269577635;49.43950089758659;81.00000000000453 
 0.8574327796735466;68.03329687977886;82.00000000000504 
 2.782935348982509;91.05924197007315;83.00000000000556 
 16.65747864624021;102.05597182389998;84.00000000000607 
 54.84053093878604;47.58031819620666;85.00000000000658 
 37.36945018438385;15.217695329396243;86.00000000000709 
 15.971015344238959;9.934570755796935;87.0000000000076 
 6.4493614660825305;10.178133489049047;88.00000000000811 
 2.7178522603992707;12.564065612549893;89.00000000000863 
 1.262558292871897;16.67502916653053;90.00000000000914 
 0.6826514495938254;22.768419123947808;91.00000000000965 
 0.45957763320949474;31.43528649215218;92.00000000001016 
 0.4212962518978582;43.54966934498173;93.00000000001067 
 0.5925680118150735;60.20772221389781;94.00000000001118 
 1.4858456266390183;82.11132862953718;95.0000000000117 
 7.437221284217591;103.68204356578832;96.00000000001221 
 42.582607993430976;76.78123870234276;97.00000000001272 
 49.63291201718581;22.070828890220476;98.00000000001323 
 23.139839301868264;10.611469186592707;99.00000000001374 
 9.29822642567152;9.430551677586772;100.00000000001425 
 3.784120708217467;11.02271904796844;101.00000000001477 
 1.6590266658560262;14.33529878514843;102.00000000001528 
 0.8244172047276568;19.429130786611353;103.00000000001579 
 0.49275039751895305;26.763027492240035;104.0000000000163 
 0.3828114470699871;37.08616745108687;105.00000000001681 
 0.4290332054259293;51.422497129616865;106.00000000001732 
 0.795927882509238;70.89433895219854;107.00000000001783 
 2.8594248759121093;94.94925954981173;108.00000000001835 
 19.057833603623333;103.9239738899506;109.00000000001886 
 58.18393534935807;42.634099274932325;110.00000000001937 
 35.98012713726687;13.51816481267063;111.00000000001988 
 14.874897058873833;9.18965945254701;112.00000000002039 
 5.89752701721257;9.64426865740618;113.0000000000209 
 2.4472225768102676;12.046685966661938;114.00000000002142 
 1.1183359013996437;16.084352777986485;115.00000000002193 
 0.5929117655226703;22.036936343965852;116.00000000002244 
 0.3893683709937164;30.497158803601582;117.00000000002295 
 0.34568686055646286;42.34078856991367;118.00000000002346 
 0.46681554543146503;58.70417353799515;119.00000000002397 
 1.1165346526959257;80.57651077811161;120.00000000002449 
 5.455812112211375;104.5662913393442;121.000000000025 
 37.2843701222898;88.01362836901018;122.00000000002551 
 54.86464330303959;24.783255381702755;123.00000000002602 
 26.19184184596956;10.426085124039584;124.00000000002653 
 10.372295396443802;8.745353158162164;125.00000000002704 
 4.11595956254655;10.027610605599191;126.00000000002755 
 1.7421982057519882;12.969151023295717;127.00000000002807 
 0.8251178270225855;17.55999871636361;128.00000000002856 
 0.4617622660297594;24.20233857211689;129.00000000002765 
 0.32782600542072515;33.58359813550689;130.00000000002674 
 0.32496046002486995;46.67690467585725;131.00000000002584 
 0.511699903221404;64.69382795890859;132.00000000002493 
 1.5057969373711337;88.35140252911776;133.00000000002402 
 9.214842035597634;109.80999875599942;134.0000000000231 
 52.3412914299512;67.8217654747888;135.0000000000222 
 47.6501747728211;17.394791098124543;136.0000000000213 
 20.492839296724426;9.11009823949041;137.00000000002038 
 7.968787961052936;8.584286332780481;138.00000000001947 
 3.170723031352873;10.316582141350963;139.00000000001856 
 1.3607171757622132;13.593184710311968;140.00000000001765 
 0.6600814062679919;18.546830767732004;141.00000000001674 
 0.3829986413532806;25.65030182138685;142.00000000001583 
 0.28647436800710585;35.652436868985184;143.00000000001492 
 0.3057803168826865;49.59284773358314;144.000000000014 
 0.5339989409591395;68.73387907013911;145.0000000000131 
 1.8066719804642437;93.54107839001486;146.0000000000122 
 12.69197145935445;111.88464975423429;147.00000000001128 
 59.583801174132205;55.11749010734327;148.00000000001037 
 43.00964272228546;14.333587234619802;149.00000000000946 
 17.67307020366859;8.448071060749706;150.00000000000855 
 6.799396235424082;8.426302874977207;151.00000000000765 
 2.7018893785695233;10.36245441089239;152.00000000000674 
 1.163683661934028;13.782069402131302;153.00000000000583 
 0.5689176480033321;18.88136952549851;154.00000000000492 
 0.3342876031206011;26.16498860074726;155.000000000004 
 0.25479723818768224;36.40942374203213;156.0000000000031 
 0.27953265947541833;50.68711830078305;157.0000000000022 
 0.5078151349414773;70.3022393509827;158.00000000000128 
 1.8170203518348418;95.72022865486935;159.00000000000037 
 13.645503903112735;113.55818148366927;159.99999999999946 
 62.15008525368056;51.98189525902197;160.99999999999855 
 42.1857003048507;13.34689651795104;161.99999999999764 
 17.02143900917579;8.06062711460707;162.99999999999673 
 6.487346833825925;8.153256428255064;163.99999999999582 
 2.5574456193512254;10.092328564883466;164.9999999999949 
 1.0919381614003136;13.464506172538064;165.999999999994 
 0.5281498733466141;18.47647104793725;166.9999999999931 
 0.30603044155498493;25.62998932917025;167.99999999999218 
 0.22896189257477295;35.69377399534316;168.99999999999127 
 0.24502478979926942;49.73505030015634;169.99999999999037 
 0.4308813564544918;69.08766715775049;170.99999999998946 
 1.4842616595314015;94.53023599221831;171.99999999998855 
 11.091201707115617;115.77132309129475;172.99999999998764 
 61.22447367354278;59.0956704132402;173.99999999998673 
 45.68052642617476;14.00556348210847;174.99999999998582 
 18.48260817700115;7.864357999334612;175.9999999999849 
 6.977467507287665;7.743222391835046;176.999999999984 
 2.709783020586428;9.501345675487741;177.9999999999831 
 1.1329454985257914;12.643347199659422;178.99999999998218 
 0.5322854320690872;17.3400736759166;179.99999999998127 
 0.296268113976169;24.05731124925675;180.99999999998036 
 0.20966298051439675;33.52005274399206;181.99999999997945 
 0.20780288065372643;46.747514173388815;182.99999999997854 
 0.32914397379820814;65.06433668324017;183.99999999997763 
 0.9901013567537021;89.66016804176861;184.99999999997672 
 6.614981355959573;115.64194202298025;185.9999999999758 
 51.75208676939449;79.67673745430953;186.9999999999749 
 54.29739747250569;17.382509617740492;187.999999999974 
 22.793054250144454;8.003083010992286;188.99999999997308 
 8.544249077156811;7.257883740293901;189.99999999997218 
 3.251777067838658;8.650612804683536;190.99999999997127 
 1.3177350314865093;11.397098847793371;191.99999999997036 
 0.5920593125796382;15.579174099343579;192.99999999996945 
 0.30950987042553285;21.594290107195782;193.99999999996854 
 0.20068620830285663;30.089907270526616;194.99999999996763 
 0.17613942973146926;41.99358263863958;195.99999999996672 
 0.2359410185627878;58.55552779584729;196.9999999999658 
 0.5667805438802783;81.20929752646852;197.9999999999649 
 2.946447628952685;109.28628887457478;198.999999999964 
 29.046483058807027;109.40516998258754;199.99999999996308 
 66.74626159799688;28.517674380909845;200.99999999996217 
 31.97330848444912;9.060289731408982;201.99999999996126 
 12.039589771718756;6.8668573110678555;202.99999999996035 
 4.484909507536797;7.6661775115874145;203.99999999995944 
 1.7504935585110313;9.870997385683006;204.99999999995853 
 0.7441921935552229;13.385299167044934;205.99999999995762 
 0.35968384969492;18.503128793145628;206.9999999999567 
 0.20891091204806378;25.765114782503908;207.9999999999558 
 0.15724507595706483;35.969680952294524;208.9999999999549 
 0.17017137871508753;50.22504681027733;209.99999999995399 
 0.305215707658664;69.96171032940828;210.99999999995308 
 1.0917257698353524;96.3532475744607;211.99999999995217 
 9.000916570266135;121.55490224506676;212.99999999995126 
 63.646644588276104;65.38827898245954;213.99999999995035 
 49.82277041497063;13.3885011382934;214.99999999994944 
 19.665045657964473;6.9864673312059855;215.99999999994853 
 7.220037964198253;6.7529156311544;216.99999999994762 
 2.712755085683839;8.262693027556342;217.9999999999467 
 1.0867850200393914;11.004942851136171;218.9999999999458 
 0.48215410062545444;15.116363911916329;219.9999999999449 
 0.24814903120825152;21.004758749315755;220.99999999994398 
 0.15766682627604028;29.31343385653127;221.99999999994307 
 0.13470739622488226;40.96126436730025;222.99999999994216 
 0.1741276712779982;57.201544770271;223.99999999994125 
 0.39975425477953597;79.57150624695271;224.99999999994034 
 1.988224261403502;108.44100200746662;225.99999999993943 
 21.47922782271569;120.09825947651017;226.99999999993852 
 72.4199103208288;34.796827027635445;227.99999999993761 
 36.83168143847044;9.106737534720816;228.9999999999367 
 13.72318522822571;6.29764605781474;229.9999999999358 
 5.003999266500105;6.8231524721705625;230.9999999999349 
 1.8956187825667963;8.707611617401259;231.99999999993398 
 0.7734416063057088;11.78120166064522;232.99999999993307 
 0.35319199732154316;16.282736698546074;233.99999999993216 
 0.18961914076722888;22.68452726653239;234.99999999993125 
 0.1279622482228059;31.695552276324342;235.99999999993034 
 0.11904027313007165;44.31504186144792;236.99999999992943 
 0.1733989989599527;61.893812282493265;237.99999999992852 
 0.4699569435513548;86.0237681198754;238.9999999999276 
 2.9064908613961147;116.10658961138859;239.9999999999267 
 34.43712731548271;111.25264195014978;240.9999999999258 
 69.34228981333008;23.65042917176284;241.99999999992488 
 30.573669735599957;7.5816663701856735;242.99999999992397 
 11.13485687536227;5.956216480305297;243.99999999992306 
 4.040590292192046;6.780992089010333;244.99999999992215 
 1.5324890391076273;8.814903533862172;245.99999999992124 
 0.6284619941698386;12.011264194673695;246.99999999992033 
 0.28954540023313735;16.64942704003384;247.99999999991942 
 0.15755947944189833;23.226703810673573;248.99999999991851 
 0.10843402810661015;32.476540669657155;249.9999999999176 
 0.10374716444546384;45.42854497947885;250.9999999999167 
 0.15728206655551247;63.47520449478194;251.9999999999158 
 0.4511316545077626;88.2632120505667;252.99999999991488 
 3.0190707664623755;119.08311136215856;253.99999999991397 
 37.99523541785405;110.14288869024618;254.99999999991306 
 69.35766724836108;21.416705521507946;255.99999999991215 
 29.566929509819445;7.051869432949007;256.99999999991127 
 10.647547797102343;5.663550433928845;257.99999999991036 
 3.832405403847989;6.511851819845933;258.99999999990945 
 1.4410913212150263;8.501097494019001;259.99999999990854 
 0.5847203665148385;11.60612354472212;260.99999999990763 
 0.2656200787832269;16.103752801673696;261.9999999999067 
 0.14179221090491606;22.478890983981962;262.9999999999058 
 0.09503933644583996;31.445207415204926;263.9999999999049 
 0.08767745717301141;44.006371030032085;264.999999999904 
 0.1264276443882933;61.53116914543896;265.9999999999031 
 0.339010104376792;85.7169439993235;266.9999999999022 
 2.09800169302875;116.88828096938124;267.99999999990126 
 28.38279038325718;122.10227338097056;268.99999999990035 
 75.54134310700755;26.41349983187145;269.99999999989944 
 33.849120252429046;7.253201127669498;270.99999999989853 
 12.147405190907925;5.373191147275088;271.9999999998976 
 4.319777741453924;6.012362021378317;272.9999999998967 
 1.5950805902447591;7.780933219157042;273.9999999998958 
 0.6307653947100642;10.59444261325072;274.9999999998949 
 0.27640406507558896;14.68943639772999;275.999999999894 
 0.14031113764394523;20.503538930803572;276.9999999998931 
 0.08766869547978229;28.68812117266596;277.99999999989217 
 0.07333199452847564;40.16488031448307;278.99999999989126 
 0.09228019711628481;56.20543661008601;279.99999999989035 
 0.20516803201617917;78.47526589149896;280.99999999988944 
 0.9960365171173228;108.40650408801045;281.99999999988853 
 12.257571034511052;133.98001377352918;282.9999999998876 
 80.15837318416943;48.478508172855825;283.9999999998867 
 45.98905520195492;8.958115390323108;284.9999999998858 
 16.74118020512166;5.228841937897521;285.9999999998849 
 5.877243608743241;5.37566310833477;286.999999999884 
 2.1168338681033174;6.761659800371815;287.9999999998831 
 0.8065986889537704;9.119330390692795;288.99999999988216 
 0.33525868693012684;12.604213405888158;289.99999999988125 
 0.1579881207752899;17.575990777238196;290.99999999988034 
 0.08893963880920941;24.588586422559604;291.99999999987944 
 0.0642979231052042;34.4349363639008;292.9999999998785 
 0.06600792578595405;48.22146217237372;293.9999999998776 
 0.11062744180833982;67.45176778758938;294.9999999998767 
 0.36612453817049206;93.95169167161266;295.9999999998758 
 3.0065127771388243;127.09228430484576;296.9999999998749 
 46.00889408218298;109.86850359138076;297.999999999874 
 70.68349078442047;17.121229933331552;298.99999999987307 
 28.09179788487944;5.785552575104726;299.99999999987216 
 9.819886265481308;4.811389014749226;300.99999999987125 
 3.445960507160828;5.62962050366385;301.99999999987034 
 1.2585233637378657;7.409611347476831;302.99999999986943 
 0.49176917757740396;10.156472787117915;303.9999999998685 
 0.21231229959687328;14.12296306052537;304.9999999998676 
 0.10567238977131699;19.741192054419816;305.9999999998667 
 0.06428041827288848;27.645508062590597;306.9999999998658 
 0.05182774028379169;38.73197534002157;307.9999999998649 
 0.06200938210207166;54.24312456810755;308.999999999864 
 0.1287359484935538;75.84733620435632;309.99999999986306 
 0.572736722593158;105.37215064055545;310.99999999986215 
 6.767637412412446;137.69434874782883;311.99999999986125 
 76.51823954093146;70.10209932808586;312.99999999986034 
 55.92068130099125;10.069443614798256;313.9999999998594 
 20.39959451537856;4.839964244148364;314.9999999998585 
 7.0385456649339995;4.658984399817214;315.9999999998576 
 2.470119055471805;5.74136956288656;316.9999999998567 
 0.9076584520576598;7.6963714988643765;317.9999999998558 
 0.3586645892996637;10.620536204624852;318.9999999998549 
 0.15750987867350721;14.806886285855827;319.99999999985397 
 0.08035432085385003;20.72009685097737;320.99999999985306 
 0.050624559691832126;29.03142712916282;321.99999999985215 
 0.04288972044636846;40.684743352145716;322.99999999985124 
 0.05501825536004441;56.98684312024134;323.99999999985033 
 0.12594907020557283;79.68852948170111;324.9999999998494 
 0.6418799519270855;110.63661718891966;325.9999999998485 
 8.94529532026768;142.01890075513762;326.9999999998476 
 85.21909059788807;56.38793657289191;327.9999999998467 
 51.39225146820741;8.346182872936543;328.9999999998458 
 18.284860107409216;4.433210003863228;329.9999999998449 
 6.2560325667943415;4.443801921769449;330.99999999984396 
 2.182983543808899;5.558075706383851;331.99999999984306 
 0.7975973935121956;7.491995247249373;332.99999999984215 
 0.313019325547199;10.361178949694494;333.99999999984124 
 0.13623286737498927;14.459145344323538;334.9999999998403 
 0.06865485176450267;20.24333282654662;335.9999999998394 
 0.04253058999189923;28.37209531082573;336.9999999998385 
 0.03520072094406674;39.77089561203468;337.9999999998376 
 0.04371813804410953;55.723780827846085;338.9999999998367 
 0.09573075207564878;77.96821267215591;339.9999999998358 
 0.4601152048139968;108.50622829584505;340.99999999983487 
 6.139485207903533;143.04341692254263;341.99999999983396 
 81.16918260645751;71.34961647209904;342.99999999983305 
 57.77857150615098;9.098728780069214;343.99999999983214 
 20.622921876143238;4.2669361998431095;344.99999999983123 
 6.99892045103818;4.101030390101389;345.9999999998303 
 2.4117195745576496;5.062312636503368;346.9999999998294 
 0.8657066207926011;6.796564968907206;347.9999999998285 
 0.33144272597732444;9.388784408235923;348.9999999998276 
 0.1393445752801264;13.098989219098504;349.9999999998267 
 0.06690405632864355;18.339914341524228;350.9999999998258 
 0.03873081153060974;25.70850750415656;351.99999999982487 
 0.029156900644739674;36.04619701550124;352.99999999982396 
 0.03172018388416676;50.525238850224945;353.99999999982305 
 0.05776204052612813;70.7541709348298;354.99999999982214 
 0.21554337871943471;98.7963745584353;355.9999999998212 
 2.1299751518574177;135.17292662661544;356.9999999998203 
 46.144463393001615;122.94575803531403;357.9999999998194 
 78.27845413045266;15.256745233357957;358.9999999998185 
 29.682049361120285;4.574666139039831;359.9999999998176 
 10.032960487516402;3.7217790042620456;360.9999999998167 
 3.3995874076144768;4.348736662565149;361.99999999981577 
 1.1883982819213257;5.735213889194713;362.99999999981486 
 0.43792185173686604;7.876637641182395;363.99999999981395 
 0.17442310644014672;10.968671268018186;364.99999999981304 
 0.07761934815470393;15.348951037177176;365.99999999981213 
 0.04039102355519335;21.5148417393519;366.9999999998112 
 0.02618788022171663;30.171975275846073;367.9999999998103 
 0.02311476023995766;42.30828128511118;368.9999999998094 
 0.0314297577227585;59.29388069241899;369.9999999998085 
 0.07817298606188271;82.98726793580947;370.9999999998076 
 0.4493408047533806;115.53468569458792;371.9999999998067 
 7.606804454881178;150.90637461493276;372.99999999980577 
 93.20907313459468;57.75914224604583;373.99999999980486 
 54.28036367089767;7.116364655838311;374.99999999980395 
 18.758381732337163;3.6266712116980484;375.99999999980304 
 6.265918965607672;3.6158268745813906;376.9999999998021 
 2.127142380507657;4.527385551950205;377.9999999998012 
 0.7499245802039067;6.112716900052634;378.9999999998003 
 0.28035238104195775;8.464270329266274;379.9999999997994 
 0.11407997794424829;11.822437459647425;380.9999999997985 
 0.05234803549905901;16.56296670557752;381.9999999997976 
 0.02844930522134632;23.22766542767671;382.99999999979667 
 0.019608219347932433;32.58042570843944;383.99999999979576 
 0.01885910206456118;45.68829652781734;384.99999999979485 
 0.028924311533514796;64.02883437163119;385.99999999979394 
 0.08513686713455251;89.59613393071766;386.99999999979303 
 0.6178014951883581;124.5164799190229;387.9999999997921 
 13.589722699983318;155.27001319494175;388.9999999997912 
 99.93029812801677;35.84644788163227;389.9999999997903 
 45.72727507499827;5.398152859179931;390.9999999997894 
 15.433752240996494;3.2626617801923947;391.9999999997885 
 5.120602668249097;3.4598611598330504;392.9999999997876 
 1.7320860049398035;4.4248324906330225;393.99999999978667 
 0.6089139609200144;6.018595196078456;394.99999999978576 
 0.2269620288184045;8.356479390790097;395.99999999978485 
 0.09201906755135551;11.684266697582832;396.99999999978394 
 0.04202247519285333;16.37699179817841;397.99999999978303 
 0.02268869130692637;22.972325970079126;398.9999999997821 
 0.015497216966029343;32.227208175704135;399.9999999997812 
 0.014719887993272255;45.198995456396325;400.9999999997803 
 0.022188793631448704;63.35394848962889;401.9999999997794 
 0.06378410910934258;88.68535573763901;402.9999999997785 
 0.44910696788694987;123.49348346590999;403.9999999997776 
 9.906574193626016;158.98712755739882;404.99999999977666 
 103.16239853689504;43.72906757938068;405.99999999977575 
 50.3600455950011;5.49810789146982;406.99999999977484 
 16.93521021952384;3.053242244556506;407.99999999977393 
 5.574532571114176;3.153317695136842;408.999999999773 
 1.8652095229839658;4.001107098701921;409.9999999997721 
 0.645930438128855;5.429963304026027;410.9999999997712 
 0.23577401408307552;7.534813845667146;411.9999999997703 
 0.09283669406822642;10.534470225699575;412.9999999997694 
 0.04069486394159527;14.766298685575594;413.9999999997685 
 0.02074675310834944;20.71535946534309;414.99999999976757 
 0.013076235062136525;29.065487990006492;415.99999999976666 
 0.011097996074682558;40.77336421634747;416.99999999976575 
 0.014292052310771106;57.169776239664955;417.99999999976484 
 0.03298497589969573;80.08590626407965;418.99999999976393 
 0.17168460914254977;111.89820227903786;419.999999999763 
 2.6940021068714977;152.72883240038664;420.9999999997621 
 75.38596834728064;104.36392397942674;421.9999999997612 
 73.0180717533982;8.742450806048305;422.9999999997603 
 25.27747183428795;3.1166152515355234;423.9999999997594 
 8.264561962144942;2.768342976721166;424.9999999997585 
 2.721781218772618;3.3472646870013953;425.99999999975756 
 0.9201957811003928;4.473400922532499;426.99999999975665 
 0.32453627442319505;6.177067088482229;427.99999999975574 
 0.12173605326950844;8.622809667784248;428.99999999975483 
 0.049845428871645565;12.081352187061668;429.9999999997539 
 0.023092301000357418;16.94788923865691;430.999999999753 
 0.012725984126528669;23.782400490858233;431.9999999997521 
 0.00894784473563461;33.37050849759736;432.9999999997512 
 0.008853249766198593;46.80875415795155;433.9999999997503 
 0.014134747336174031;65.61901112775529;434.9999999997494 
 0.04405698520286652;91.8814034265812;435.99999999974847 
 0.34805224173820903;128.10431729978325;436.99999999974756 
 9.155100279350581;166.59742944228503;437.99999999974665 
 110.3929630661478;42.20629631123146;438.99999999974574 
 51.69409308835438;4.727946102968994;439.99999999974483 
 17.084866797044665;2.580732211264335;440.9999999997439 
 5.545030606114869;2.662764701351987;441.999999999743 
 1.8251668769892397;3.382699728365088;442.9999999997421 
 0.618600982837921;4.5954926136661465;443.9999999997412 
 0.2192389568738829;6.3812085349714875;444.9999999997403 
 0.08286032033164684;8.925485371339931;445.9999999997394 
 0.03430026335056444;12.51477387944408;446.99999999973846 
 0.016139237730972297;17.561163558462493;447.99999999973755 
 0.009091220408571046;24.646104468366747;448.99999999973664 
 0.006592231319434785;34.584213604300906;449.99999999973573 
 0.006810968746820567;48.51194778780365;450.9999999997348 
 0.011554464250989275;68.00650750126482;451.9999999997339 
 0.03921062506308963;95.22528607123125;452.999999999733 
 0.348900900368385;132.76995272039778;453.9999999997321 
 10.711036268433347;171.10238435675765;454.9999999997312 
 114.08650314907277;35.352763239016575;455.9999999997303 
 49.589248437273866;4.101385418846293;456.99999999972937 
 16.21180052895747;2.3377230920516907;457.99999999972846 
 5.2278669194324054;2.4522968440019826;458.99999999972755 
 1.7092216235047586;3.1341033494899375;459.99999999972664 
 0.5743833865966904;4.2673045642662;460.99999999972573 
 0.20123204515163945;5.930737548959914;461.9999999997248 
 0.07484925541421655;8.29860656986456;462.9999999997239 
 0.030300727424409653;11.638092222874748;463.999999999723 
 0.01381908822903104;16.333040033697667;464.9999999997221 
 0.007451063471979175;22.92495735725342;465.9999999997212 
 0.005081629913027853;32.172748106111484;466.9999999997203 
 0.004818242861831768;45.13597054578439;467.99999999971936 
 0.007248734366920649;63.2878251692762;468.99999999971845 
 0.02080329577225995;88.65851885685943;469.99999999971755 
 0.14693812563062356;123.90213806181787;470.99999999971664 
 3.514244645711848;168.4219945929708;471.9999999997157 
 104.36873555161995;78.80819071479641;472.9999999997148 
 67.13358583690477;5.512921798567863;473.9999999997139 
 22.164826159510987;2.263596414992017;474.999999999713 
 7.098136528894268;2.134985007371857;475.9999999997121 
 2.2922880984864906;2.6393527107277825;476.9999999997112 
 0.7566115667977127;3.5566481850335876;477.99999999971027 
 0.2584131257297264;4.927173945182875;478.99999999970936 
 0.09273575813269214;6.8876237558289075;479.99999999970845 
 0.03569924435477882;9.656809588224736;480.99999999970754 
 0.015170791824465804;13.552338274778595;481.99999999970663 
 0.007408003080944432;19.023800735453438;482.9999999997057 
 0.004396529448284981;26.70238829538253;483.9999999997048 
 0.003430554564510354;37.470816034205846;484.9999999997039 
 0.003928405530498102;52.559559405597746;485.999999999703 
 0.007697778721644577;73.67582012109828;486.9999999997021 
 0.03196384661125893;103.15665781117738;487.9999999997012 
 0.3770035056920628;143.79457113257337;488.99999999970026 
 16.425604906696915;179.14011211135542;489.99999999969936 
 116.76980315554309;22.461587333686015;490.99999999969845 
 44.525546182570885;3.0059845941141288;491.99999999969754 
 14.278031389453291;1.8927731064084967;492.9999999996966 
 4.549776968803495;2.0585356874077267;493.9999999996957 
 1.468808617344707;2.6644514389624763;494.9999999996948 
 0.485682785912305;3.644480753560661;495.9999999996939 
 0.16646576794941953;5.073984842356151;496.999999999693 
 0.060063458442010303;7.104986997598917;497.9999999996921 
 0.023303843094283988;9.967706226795455;498.99999999969117 
 0.010014103725446899;13.991913421669103;499.99999999969026 
 0.004967334131225959;19.64261120379184;500.99999999968935 
 0.003013836134453218;27.571794862896088;501.99999999968844 
 0.0024256879748561725;38.690818501536086;502.99999999968753 
 0.0029011207705734814;54.269768850465184;503.9999999996866 
 0.006041785362187021;76.07077455586162;504.9999999996857 
 0.02732026012159707;106.50851953675404;505.9999999996848 
 0.3630893497163946;148.4886487224556;506.9999999996839 
 18.46774373907684;183.1696577324484;507.999999999683 
 118.0237320890022;19.202258428876668;508.9999999996821 
 43.437769888816455;2.6341922756050717;509.99999999968117 
 13.824873514012099;1.6960455151550806;510.99999999968026 
 4.380321031949295;1.8606863265682214;511.99999999967935 
 1.4048377609454155;2.4162217927029896;512.9999999996785 
 0.4605331369644779;3.3090983459590233;513.9999999996776 
 0.15598496155778277;4.60942328851553;514.9999999996767 
 0.05535997665100492;6.455981546260919;515.9999999996758 
 0.020988185979950374;9.058351288205833;516.9999999996749 
 0.008731440068307103;12.716555959350455;517.999999999674 
 0.004138630584240917;17.85366103912763;518.999999999673 
 0.0023559476056043915;25.06304492051061;519.9999999996721 
 0.0017340579181611528;35.17459044253902;520.9999999996712 
 0.001829836939887725;49.34591317624059;521.9999999996703 
 0.003198256975283713;69.18608997684431;522.9999999996694 
 0.01132368497705957;96.91594424356097;523.9999999996685 
 0.10733000522507911;135.47915445838146;524.9999999996676 
 3.873305864698263;184.17053044957376;525.9999999996667 
 126.95266478333639;61.13196447167643;526.9999999996658 
 64.77729104818226;3.686408038225863;527.9999999996649 
 20.741789646065044;1.6087132634382741;528.9999999996639 
 6.526928129831638;1.5608231584075158;529.999999999663 
 2.0690781170003425;1.9511797923786256;530.9999999996621 
 0.6669212152810374;2.6409372298960743;531.9999999996612 
 0.22054583706304395;3.665318404600216;532.9999999996603 
 0.07567837016832031;5.127948986957023;533.9999999996594 
 0.027363843104927465;7.192773940096703;534.9999999996585 
 0.010651147478807629;10.097191820006833;535.9999999996576 
 0.004598428896843204;14.177198445453321;536.9999999996567 
 0.0022961695711832416;19.904863772084582;537.9999999996558 
 0.0014062747502864798;27.941336785523017;538.9999999996548 
 0.001146867942018219;39.21044477912287;539.9999999996539 
 0.0013973123115775974;54.999669360094096;540.999999999653 
 0.0029867517717402205;77.09639091674701;541.9999999996521 
 0.014010288070661146;107.96077739783408;542.9999999996512 
 0.1964335867332226;150.74874895849268;543.9999999996503 
 11.521646378730992;195.6107386825313;544.9999999996494 
 132.20460860480216;23.49605049515275;545.9999999996485 
 49.45825475128183;2.337884655831222;546.9999999996476 
 15.579550801980885;1.3559103487909208;547.9999999996467 
 4.880415723273152;1.4433432647452484;548.9999999996458 
 1.5426969383841178;1.8584346502524594;549.9999999996448 
 0.4958625428285758;2.5394248004473985;550.9999999996439 
 0.16342061400803867;3.5354525259124494;551.999999999643 
 0.05582270052063447;4.951518105727283;552.9999999996421 
 0.020058763396711664;6.947958945321681;553.9999999996412 
 0.0077400311357504244;9.755007458850253;554.9999999996403 
 0.003301133481158131;13.697748357951689;555.9999999996394 
 0.0016204600451405597;19.23262680678575;556.9999999996385 
 0.0009689511650813816;26.99885308680792;557.9999999996376 
 0.0007641239244618915;37.88973138167978;558.9999999996367 
 0.0008882184928761146;53.15062189606542;559.9999999996357 
 0.0017776734433049472;74.51166831805469;560.9999999996348 
 0.007607114653342752;104.3609300668828;561.9999999996339 
 0.0939587165952967;145.8771760029443;562.999999999633 
 4.8794861125607145;197.42221273898664;563.9999999996321 
 142.4631272941479;43.002712709576684;564.9999999996312 
 60.92187534317607;2.6082578611915204;565.9999999996303 
 19.167850951795497;1.2318403293574658;566.9999999996294 
 5.971635884829837;1.230947456581735;567.9999999996285 
 1.872999179327322;1.5548559616954343;568.9999999996276 
 0.5955187601607006;2.1123453976359796;569.9999999996267 
 0.19329571184478755;2.9357817898644174;570.9999999996257 
 0.06463068016239995;4.109618738675968;571.9999999996248 
 0.022536899105691476;5.7659313959352305;572.9999999996239 
 0.008337350919931557;8.095485186144321;573.999999999623 
 0.003351592110532375;11.368156196418653;574.9999999996221 
 0.0015141107778017828;15.96323197130303;575.9999999996212 
 0.0008057703715222841;22.412305886255165;576.9999999996203 
 0.0005396270722703643;31.459033122700728;577.9999999996194 
 0.0004988509752521323;44.14160214022367;578.9999999996185 
 0.000724468561966751;61.90544511741811;579.9999999996176 
 0.001979997938698825;86.75478835073157;580.9999999996166 
 0.01309370091074385;121.4435134740465;581.9999999996157 
 0.29610787575509034;169.3919525881085;582.9999999996148 
 29.806885030243528;198.65414493610675;583.9999999996139 
 120.28558831376492;9.85624045847812;584.999999999613 
 39.992321776197194;1.4844210708961665;585.9999999996121 
 12.421129342479604;1.0247214288905588;586.9999999996112 
 3.8577011947343904;1.154817933907951;587.9999999996103 
 1.2082375674422727;1.514728325392743;588.9999999996094 
 0.38379512187662396;2.0824800612676317;589.9999999996085 
 0.12446613836953001;2.9053569119793736;590.9999999996076 
 0.04157526171342727;4.072145209690509;591.9999999996066 
 0.014478641644982458;5.715806486780087;592.9999999996057 
 0.005346802327813236;8.026351996096153;593.9999999996048 
 0.0021441302659116752;11.271767467811953;594.9999999996039 
 0.0009653122142521144;15.828336458899141;595.999999999603 
 0.0005112517709747775;22.223302047888733;596.9999999996021 
 0.00034008960935226365;31.194198023390147;597.9999999996012 
 0.0003114400147185245;43.7707106938872;598.9999999996003 
 0.0004463646645846848;61.38661028690007;599.9999999995994 
 0.0011976307898042254;86.03063927255018;600.9999999995985 
 0.0077192069226584385;120.44105568232466;601.9999999995975 
 0.16867079902248527;168.1706285074269;602.9999999995966 
 17.787576716676448;212.36505679376648;603.9999999995957 
 134.95619428633475;12.812388301032966;604.9999999995948 
 45.574048755915484;1.4247627096368092;605.9999999995939 
 14.101594076263975;0.8916820919353209;606.999999999593 
 4.358581625400104;0.9758109687847206;607.9999999995921 
 1.3564689850569291;1.268814828862523;608.9999999995912 
 0.42713014560613366;1.7399278280936783;609.9999999995903 
 0.1368402399226021;2.425670412059314;610.9999999995894 
 0.04493370547810967;3.3991704702815726;611.9999999995885 
 0.015277218014087749;4.7710643633031244;612.9999999995875 
 0.0054548174155440365;6.699888592074221;613.9999999995866 
 0.002086392115268875;9.40945772870429;614.9999999995857 
 0.0008789736667636387;13.214218755585263;615.9999999995848 
 0.00042410281674419315;18.555032796394233;616.9999999995839 
 0.0002475429626665779;26.049073487352636;617.999999999583 
 0.00018872050297358907;36.558910481116165;618.9999999995821 
 0.00020921603322937463;51.28744487733316;619.9999999995812 
 0.00039186339729391977;71.90705189486741;620.9999999995803 
 0.001528660490035332;100.7321359026793;621.9999999995794 
 0.016612187076790887;140.93024032494156;622.9999999995784 
 0.7477546476263368;195.91322183624118;623.9999999995775 
 103.91633693827772;138.29483350260358;624.9999999995766 
 93.35354237461844;3.449466223728605;625.9999999995757 
 29.25832167046424;0.9108735357815334;626.9999999995748 
 8.997715122392997;0.7627267110935704;627.9999999995739 
 2.7751789137687086;0.913815489121693;628.999999999573 
 0.8624734449704138;1.222122325365426;629.9999999995721 
 0.27121080985727714;1.6907432053252374;630.9999999995712 
 0.08674693674451266;2.363717622889129;631.9999999995703 
 0.028423460178878306;3.315373129067673;632.9999999995694 
 0.009635226176225739;4.654875203176283;633.9999999995684 
 0.003426126953456217;6.537449006195201;634.9999999995675 
 0.0013028849159833673;9.181743420111596;635.9999999995666 
 0.0005444539544626241;12.894748009993027;636.9999999995657 
 0.00025972330049596725;18.106802749963435;637.9999999995648 
 0.00014919436275503072;25.420366702561342;638.9999999995639 
 0.00011122233931854908;35.67753710322893;639.999999999563 
 0.00011949085289432233;50.05288224075875;640.9999999995621 
 0.0002141851315064436;70.17986693245665;641.9999999995612 
 0.0007857594194175912;98.32041449462182;642.9999999995603 
 0.007838554612817935;137.58118931511362;643.9999999995593 
 0.31438698444776375;191.82348656780655;644.9999999995584 
 59.04142127047828;194.25810661496763;645.9999999995575 
 112.93183498989256;4.644275651101673;646.9999999995566 
 35.57528829627269;0.8559490283033564;647.9999999995557 
 10.902355211991146;0.6414925927409217;648.9999999995548 
 3.3474026825278087;0.7433385302448212;649.9999999995539 
 1.0339650725708789;0.984224892246723;650.999999999553 
 0.32238945487899895;1.357560831863423;651.9999999995521 
 0.10189862815223463;1.8962497364732407;652.9999999995512 
 0.03283609898793196;2.6590496809412083;653.9999999995503 
 0.010873554610175598;3.7331958030854904;654.9999999995493 
 0.003741435293788129;5.243101627246298;655.9999999995484 
 0.0013586106303643672;7.36420301142917;656.9999999995475 
 0.0005321129208998847;10.342967277578268;657.9999999995466 
 0.00023176183143259625;14.525098003793296;658.9999999995457 
 0.00011717493363747634;20.394929775051054;659.9999999995448 
 7.302901074699252e-05;28.630146998026362;660.9999999995439 
 6.103871306162474e-05;40.17735672457619;661.999999999543 
 7.697523573078156e-05;56.355688764032735;662.9999999995421 
 0.00017267851329515492;78.99730970385919;663.9999999995412 
 0.0008668198049006469;110.63466306429757;664.9999999995403 
 0.013391607260950693;154.73129525115496;665.9999999995393 
 0.9824561408874103;214.8067344475403;666.9999999995384 
 151.22771644587212;96.05487906789912;667.9999999995375 
 85.66004930678483;2.006070209122947;668.9999999995366 
 26.372620515186515;0.6169651690049527;669.9999999995357 
 8.054426601991402;0.5444106845131673;670.9999999995348 
 2.467436552499292;0.663485339841325;671.9999999995339 
 0.7603022596803715;0.8923277860254254;672.999999999533 
 0.23632359591148488;1.2368281479279584;673.9999999995321 
 0.07437945245253826;1.7302865244012713;674.9999999995312 
 0.02382745673093438;2.427549399614484;675.9999999995302 
 0.00782559374755042;3.4087733255452766;676.9999999995293 
 0.0026617150880185645;4.787799976586408;677.9999999995284 
 0.0009509721945282298;6.724971107297714;678.9999999995275 
 0.00036406385676576817;9.445490933999974;679.9999999995266 
 0.00015357429219938176;13.26525814551087;680.9999999995257 
 7.423452042271203e-05;18.626946732779597;681.9999999995248 
 4.344100399324032e-05;26.150164520993595;682.9999999995239 
 3.3237924978712894e-05;36.700829924664866;683.999999999523 
 3.7034497619365295e-05;51.486488758825836;684.9999999995221 
 6.985956168825401e-05;72.18603257731628;685.9999999995212 
 0.00027524547438070163;101.12373767610957;686.9999999995202 
 0.0030335358640324857;141.49550544761928;687.9999999995193 
 0.14000289036509603;197.49368223053722;688.9999999995184 
 37.995440382341634;229.46697888435781;689.9999999995175 
 130.76388151605912;4.8229144334437954;690.9999999995166 
 40.899569496471976;0.6486669493775462;691.9999999995157 
 12.453198566567314;0.4433584308289655;692.9999999995148 
 3.798129506132138;0.5001468543901706;693.9999999995139 
 1.1632650501767514;0.6571071850315363;694.999999999513 
 0.35852834160416813;0.9043733686870229;695.999999999512 
 0.11150868015757813;1.2624910318239053;696.9999999995111 
 0.03513042714398615;1.7701194762430719;697.9999999995102 
 0.011270372614720475;2.485178976496358;698.9999999995093 
 0.003709165701725388;3.4904820895389372;699.9999999995084 
 0.001265285879051526;4.902918020253272;700.9999999995075 
 0.00045391977166178043;6.886814081971553;701.9999999995066 
 0.000174781684786951;9.672834742506382;702.9999999995057 
 7.432889956736591e-05;13.584466473861303;703.9999999995048 
 3.634022185631608e-05;19.07496202382262;704.9999999995039 
 2.160810895125541e-05;26.778667794831417;705.999999999503 
 1.690740548555417e-05;37.58198264421542;706.999999999502 
 1.9439256726509952e-05;52.72079281335636;707.9999999995011 
 3.831604549251972e-05;73.91297503293224;708.9999999995002 
 0.00016052808096262422;103.53603682890332;709.9999999994993 
 0.0019275469115531763;144.85875171357537;710.9999999994984 
 0.10026562372257941;202.2184378611949;711.9999999994975 
 33.35612580623329;242.03348113405508;712.9999999994966 
 137.57740985672086;4.5494396462773645;713.9999999994957 
 42.77705588456528;0.5453473952433808;714.9999999994948 
 12.987933404189441;0.3609398031688407;715.9999999994939 
 3.950573564306351;0.40344959735374836;716.999999999493 
 1.2059100431517589;0.5286875270691346;717.999999999492 
 0.369989873118332;0.7271111596632176;718.9999999994911 
 0.11435047259503203;1.0148521123959298;719.9999999994902 
 0.03570925255682404;1.4228603349642999;720.9999999994893 
 0.011315100159818214;1.9976538164368047;721.9999999994884 
 0.003659700960514476;2.805800314178797;722.9999999994875 
 0.0012182972127333933;3.9412924529365516;723.9999999994866 
 0.0004223279087301721;5.536302098917865;724.9999999994857 
 0.00015497113264331712;7.776411190573187;725.9999999994848 
 6.1594924675854e-05;10.9219831331049;726.9999999994839 
 2.7387338230057765e-05;15.33802331549841;727.999999999483 
 1.4253743259036358e-05;21.535759818836283;728.999999999482 
 9.25226739548465e-06;30.23031355763953;729.9999999994811 
 8.186873135621839e-06;42.42025091628052;730.9999999994802 
 1.118284857621667e-05;59.49648583973067;731.9999999994793 
 2.8053300126443633e-05;83.38973371445874;732.9999999994784 
 0.00016462847452351428;116.7669374565936;733.9999999994775 
 0.0031624984597266766;163.28369194908404;734.9999999994766 
 0.31573373212004685;227.52672446267252;735.9999999994757 
 132.1270292675997;154.22554966833687;736.9999999994748 
 104.91006880247586;1.6314743325412764;737.9999999994739 
 31.930570732555122;0.36004466427199444;738.999999999473 
 9.673682287710434;0.2885713906386504;739.999999999472 
 2.9378287266546574;0.34197450478822167;740.9999999994711 
 0.8950984177681023;0.4562189791330467;741.9999999994702 
 0.27395266093978243;0.6309087037062433;742.9999999994693 
 0.08438281027116203;0.8820868973859736;743.9999999994684 
 0.026226997710674715;1.2373874383604433;744.9999999994675 
 0.008255753621783778;1.737564824908182;745.9999999994666 
 0.0026455542392255426;2.440654280018051;746.9999999994657 
 0.0008692987299295721;3.428488525560869;747.9999999994648 
 0.00029588510285935034;4.816101953472389;748.9999999994639 
 0.00010582049565319775;6.765015719649291;749.999999999463 
 4.0569603491679295e-05;9.501873992615185;750.999999999462 
 1.714807627987737e-05;13.344498266257663;751.9999999994611 
 8.31246859223349e-06;18.738208854172665;752.9999999994602 
 4.883672331236806e-06;26.306285741425754;753.9999999994593 
 3.7574808086588594e-06;36.91974505003818;754.9999999994584 
 4.219450442587942e-06;51.793189501155794;755.9999999994575 
 8.04668892336148e-06;72.61524178872597;756.9999999994566 
 3.219164297806957e-05;101.72363947945863;757.9999999994557 
 0.0003624449889083201;142.3353847265621;758.9999999994548 
 0.017250369065501436;198.82076009681418;759.9999999994538 
 5.899168225352408;270.16825208976053;760.9999999994529 
 188.45149427054554;10.655953214132728;761.999999999452 
 60.06455746822491;0.47877660823318896;762.9999999994511 
 18.145694407547264;0.2342727426266417;763.9999999994502 
 5.492693660291302;0.239279903942099;764.9999999994493 
 1.6667672058879823;0.3052152527302767;765.9999999994484 
 0.5073282064269313;0.4164040094730778;766.9999999994475 
 0.1550699317288167;0.579805131267298;767.9999999994466 
 0.04767973193444766;0.8123472390319368;768.9999999994457 
 0.014782769008835009;1.1403034889275412;769.9999999994448 
 0.004637278982976928;1.601571120517449;770.9999999994438 
 0.001478828942764866;2.2497907981166985;771.9999999994429 
 0.0004826301714286777;3.1604660668807174;772.999999999442 
 0.00016271115686990078;4.439682430746417;773.9999999994411 
 5.741614345563612e-05;6.236382446246906;774.9999999994402 
 2.1601205407877453e-05;8.759571868091665;775.9999999994393 
 8.891963374355048e-06;12.302377423503405;776.9999999994384 
 4.153142186533026e-06;17.27560275971526;777.9999999994375 
 2.3160716262633823e-06;24.254387284721787;778.9999999994366 
 1.656333539915777e-06;34.042806211411346;779.9999999994357 
 1.6788135481996882e-06;47.762769738137706;780.9999999994347 
 2.773645558504494e-06;66.97530945476734;781.9999999994338 
 9.07922422635139e-06;93.84401157570069;782.9999999994329 
 7.725987620763877e-05;131.35126692729946;783.999999999432 
 0.002490657987495437;183.5741803000291;784.9999999994311 
 0.5098969729199745;255.4262771519378;785.9999999994302 
 211.76762750558493;76.38408664691751;786.9999999994293 
 92.90941234205465;0.7406995879204263;787.9999999994284 
 28.012651172154474;0.2037498852290687;788.9999999994275 
 8.458151886384089;0.17506693794142808;789.9999999994266 
 2.5598393507024166;0.21199173515454076;790.9999999994257 
 0.7764917556514251;0.2847243918061251;791.9999999994247 
 0.23622277115393617;0.3945871864643021;792.9999999994238 
 0.07215302450149763;0.5520614210252702;793.9999999994229 
 0.02216374747310123;0.7746119446825942;794.999999999422 
 0.006862548682809619;1.0878277659887643;795.9999999994211 
 0.002148730489338444;1.528087138124876;796.9999999994202 
 0.0006834381128809344;2.146667079249608;797.9999999994193 
 0.00022222795969797666;3.0156556722966186;798.9999999994184 
 7.453473368449548e-05;4.2363042320363276;799.9999999994175 
 2.6111115477555443e-05;5.950757606040262;800.9999999994166 
 9.724019457896913e-06;8.35848702040561;801.9999999994156 
 3.945975024075191e-06;11.739266870591138;802.9999999994147 
 1.8064018690765077e-06;16.485231557220906;803.9999999994138 
 9.79386179933329e-07;23.14547031668956;804.9999999994129 
 6.732672676105223e-07;32.48781125761449;805.999999999412 
 6.456323028627108e-07;45.58392749489487;806.9999999994111 
 9.87059514149852e-07;63.925609516149315;807.9999999994102 
 2.8988112577440276e-06;89.58175696459725;808.9999999994093 
 2.1200037425344064e-05;125.40675666991056;809.9999999994084 
 0.0005534513896570957;175.3096450345629;810.9999999994075 
 0.0847473053646479;244.48952726331726;811.9999999994066 
 96.22282004637682;228.9919740870469;812.9999999994056 
 128.26922243536075;1.2310386137154066;813.9999999994047 
 38.63709545915199;0.18193066123658247;814.9999999994038 
 11.640661463832624;0.12980478126671566;815.9999999994029 
 3.5161601018145037;0.1486581837409691;816.999999999402 
 1.064074240446923;0.19634300495426943;817.9999999994011 
 0.3226834747195297;0.27073604351142744;818.9999999994002 
 0.09812687845464861;0.37821144844096194;819.9999999993993 
 0.029955930506622534;0.5304408215978242;820.9999999993984 
 0.009194804602136173;0.7448313606073844;821.9999999993975 
 0.002843974905161252;1.046247080127928;822.9999999993966 
 0.0008891583311272067;1.4697857612343228;823.9999999993956 
 0.00028222380036928876;2.0648163541894466;824.9999999993947 
 9.15009167979133e-05;2.900701715285301;825.9999999993938 
 3.056363149313131e-05;4.074848975598505;826.9999999993929 
 1.0645620517564693e-05;5.724002640949864;827.999999999392 
 3.932597426584315e-06;8.040061017358244;828.9999999993911 
 1.57781764328563e-06;11.292192750015683;829.9999999993902 
 7.108767308569968e-07;15.85770067650604;830.9999999993893 
 3.768937454478981e-07;22.264972982692615;831.9999999993884 
 2.5108733077107364e-07;31.2530219417611;832.9999999993875 
 2.304190537219151e-07;43.85356004774733;833.9999999993865 
 3.3122152230623554e-07;61.50325564275355;834.9999999993856 
 8.924072789716456e-07;86.1955407652275;835.9999999993847 
 5.78635473993361e-06;120.68258227360472;836.9999999993838 
 0.0001277378140007462;168.7375190263103;837.9999999993829 
 0.015502919789808538;235.4647949978548;838.999999999382 
 18.54107743271496;306.75870980492834;839.9999999993811 
 173.13675655544293;2.572058526562625;840.9999999993802 
 52.282923106306335;0.17128508235983753;841.9999999993793 
 15.717376651861843;0.09628447654615746;842.9999999993784 
 4.739924883775509;0.10267106362835861;843.9999999993775 
 1.4319013911363583;0.1327276045671347;844.9999999993765 
 0.433230371591267;0.18184164421169;845.9999999993756 
 0.13132563142721995;0.2535375584863025;846.9999999993747 
 0.03991279408777771;0.35538104298531376;847.9999999993738 
 0.012174743188151248;0.4989335115805614;848.9999999993729 
 0.0037327928278413766;0.7008106282638478;849.999999999372 
 0.0011527528097974129;0.9845092290313763;850.9999999993711 
 0.00035961149200053794;1.3831004484052316;851.9999999993702 
 0.00011379035929391532;1.943062438450843;852.9999999993693 
 3.673257524583135e-05;2.7296807392823896;853.9999999993684 
 1.2195002226747759e-05;3.8346324084283703;854.9999999993674 
 4.2114073853092695e-06;5.3866209014967685;855.9999999993665 
 1.5371295168460339e-06;7.566271227641784;856.9999999993656 
 6.063878204497134e-07;10.626963152789667;857.9999999993647 
 2.668008617344757e-07;14.923915378198718;858.9999999993638 
 1.368217803136282e-07;20.95468280352207;859.9999999993629 
 8.699224857869888e-08;29.41533865821273;860.999999999362 
 7.477226126854793e-08;41.278011654451014;861.9999999993611 
 9.806402271752563e-08;57.897106007426764;862.9999999993602 
 2.3239280750664447e-07;81.15328259200541;863.9999999993593 
 1.2595395858131757e-06;113.64566928028896;864.9999999993584 
 2.1657962626942052e-05;158.9427834465733;865.9999999993574 
 0.0018577373755733913;221.897246131938;866.9999999993565 
 1.4713731209561063;307.35053031810264;867.9999999993556 
 246.18379085279366;12.62839123160861;868.9999999993547 
 77.24317212795242;0.20201198783243313;869.9999999993538 
 23.155038534568643;0.07345801125035685;870.9999999993529 
 6.9715141467632;0.06876690918415261;871.999999999352 
 2.103023196342801;0.08548810585079741;872.9999999993511 
 0.6351689937609293;0.11575194953464128;873.9999999993502 
 0.19208249055936202;0.16082026094041404;874.9999999993493 
 0.05818509593175157;0.22518101637255264;875.9999999993483 
 0.01766614715143632;0.31604097981167045;876.9999999993474 
 0.005381242511831373;0.4438771987916027;877.9999999993465 
 0.0016466628885252199;0.6235537985128512;878.9999999993456 
 0.0005071198255424582;0.8760127959357562;879.9999999993447 
 0.0001575895529655031;1.2306973754360595;880.9999999993438 
 4.959508031822848e-05;1.7289743710640855;881.9999999993429 
 1.5887965219777903e-05;2.4289463246913363;882.999999999342 
 5.218437937569507e-06;3.4122060398329275;883.9999999993411 
 1.7751821724239278e-06;4.793308638768653;884.9999999993402 
 6.343615495129475e-07;6.7330419636114325;885.9999999993393 
 2.429253149053829e-07;9.456996242496874;886.9999999993383 
 1.0251620955104923e-07;13.281506394236743;887.9999999993374 
 4.9582896089499025e-08;18.649810401179487;888.9999999993365 
 2.9038891843642937e-08;26.18228269668807;889.9999999993356 
 2.224392215856647e-08;36.745899960106144;890.9999999993347 
 2.482455013395401e-08;51.54967491443741;891.9999999993338 
 4.6932983319890184e-08;72.27454479409379;892.9999999993329 
 1.8549901559959314e-07;101.2477932031371;893.999999999332 
 2.053527027740874e-06;141.6727441418975;894.9999999993311 
 9.547904655073149e-05;197.9225392140177;895.9999999993302 
 0.03257376171588213;275.8620607092169;896.9999999993292 
 113.29986803684379;257.07421423122025;897.9999999993283 
 140.87502938097902;0.5657778003318585;898.9999999993274 
 42.04596158279945;0.06784477090360613;899.9999999993265 
 12.627978684062102;0.04564275569194357;900.9999999993256 
 3.803839951520875;0.0513862033063468;901.9999999993247 
 1.1472534280621793;0.06753303115432165;902.9999999993238 
 0.3463274471822428;0.09298837762107896;903.9999999993229 
 0.10465327991718769;0.12985115051479762;904.999999999322 
 0.031666784314787685;0.18209795987723576;905.9999999993211 
 0.009599952633184857;0.2556938026062325;906.9999999993202 
 0.0029179366715875238;0.359171987780594;907.9999999993192 
 0.0008901970766310429;0.5045845378981492;908.9999999993183 
 0.0002729915751418865;0.7088892162422988;909.9999999993174 
 8.432905969161801e-05;0.9959188197204515;910.9999999993165 
 2.6317922206791403e-05;1.3991552750157712;911.9999999993156 
 8.33244191440212e-06;1.9656276474135952;912.9999999993147 
 2.691954897280815e-06;2.7613838390890426;913.9999999993138 
 8.947245850187494e-07;3.8791660833305155;914.9999999993129 
 3.0947425490431324e-07;5.44916999044362;915.999999999312 
 1.1320783690993852e-07;7.65411148868946;916.9999999993111 
 4.4799879367102586e-08;10.750298523356953;917.9999999993101 
 1.9798095220902583e-08;15.097045717440475;918.9999999993092 
 1.0215786749992566e-08;21.19762738127965;919.9999999993083 
 6.551752641267267e-09;29.756083410470403;920.9999999993074 
 5.700196082167386e-09;41.75560074781835;921.9999999993065 
 7.604054645205454e-09;58.565857767799905;922.9999999993056 
 1.8454152015576314e-08;82.08846683344929;923.9999999993047 
 1.034007556073689e-07;114.95101511666279;924.9999999993038 
 1.862345384827005e-06;160.76016545772163;925.9999999993029 
 0.00017037663485860142;224.42068503287803;926.999999999302 
 0.1483591646203642;312.349341613264;927.999999999301 
 295.4948028756991;59.048984202536296;928.9999999993001 
 108.55110622971888;0.1776340287360647;929.9999999992992 
 32.39780943449223;0.03749428710234236;930.9999999992983 
 9.734156240494187;0.029864109783609455;931.9999999992974 
 2.931687557381568;0.03537272299486056;932.9999999992965 
 0.8838151941805128;0.04720508174803775;933.9999999992956 
 0.26661959952960906;0.06529976820906358;934.9999999992947 
 0.08048875099641085;0.09131411161236463;935.9999999992938 
 0.024321562576891824;0.12810985871638053;936.9999999992929 
 0.007359037930360136;0.1799098083720449;937.999999999292 
 0.002230766561541646;0.25272931058200737;938.999999999291 
 0.000677978042548676;0.3550538662499442;939.9999999992901 
 0.00020680563800705212;0.4988189485584212;940.9999999992892 
 6.340685756096833e-05;0.7007977779147331;941.9999999992883 
 1.9581183402196958e-05;0.9845551295778214;942.9999999992874 
 6.108537708511025e-06;1.383192780607639;943.9999999992865 
 1.932905827475507e-06;1.9432044155561854;944.9999999992856 
 6.239630108780382e-07;2.729885673212269;945.9999999992847 
 2.07153628608435e-07;3.834922784398935;946.9999999992838 
 7.153892694138913e-08;5.387029929924415;947.9999999992829 
 2.6111508870657002e-08;7.566846231376095;948.999999999282 
 1.0301035479786871e-08;10.627770820893101;949.999999999281 
 4.532420017355336e-09;14.925049316102672;950.9999999992801 
 2.3244259459640815e-09;20.956274126962217;951.9999999992792 
 1.4779701593784206e-09;29.417570701895293;952.9999999992783 
 1.2704575573753601e-09;41.28114023200558;953.9999999992774 
 1.6663941703726263e-09;57.901487070094966;954.9999999992765 
 3.949648341022543e-09;81.15940958930129;955.9999999992756 
 2.141125810992097e-08;113.6542236006344;956.9999999992747 
 3.6828157221397894e-07;158.95472333748938;957.9999999992738 
 3.1603556610336864e-05;221.91611212547505;958.9999999992729 
 0.02519962342406732;309.0317739825959;959.999999999272 
 200.50909836715468;206.96807581615298;960.999999999271 
 139.34282193692;0.22059887741805817;961.9999999992701 
 41.45178219612909;0.027298769328205987;962.9999999992692 
 12.438671919924314;0.018562449369948168;963.9999999992683 
 3.7437337820925154;0.02096921650133424;964.9999999992674 
 1.1279576278455223;0.027588082531686747;965.9999999992665 
 0.3400244481780314;0.03800022910864393;966.9999999992656 
 0.10254813420532423;0.05307063074423346;967.9999999992647 
 0.030945031170358787;0.07442720801480276;968.9999999992638 
 0.009345202535089268;0.10450921511103611;969.9999999992629 
 0.0028252294615296932;0.14680525023511876;970.999999999262 
 0.000855410038262023;0.20624221718679714;971.999999999261 
 0.0002595468938147549;0.2897527289445393;972.9999999992601 
 7.898616790264004e-05;0.4070807657767406;973.9999999992592 
 2.4138140040030284e-05;0.5719169249458887;974.9999999992583 
 7.42010477340728e-06;0.8034943710826145;975.9999999992574 
 2.2998716732892273e-06;1.1288306369732295;976.9999999992565 
 7.211686642382508e-07;1.5858753945346655;977.9999999992556 
 2.2985285871069953e-07;2.2279288509659505;978.9999999992547 
 7.495635060194071e-08;3.1298411822180467;979.9999999992538 
 2.524278250100507e-08;4.396706204214027;980.9999999992529 
 8.893821435569234e-09;6.17604354954821;981.9999999992519 
 3.3388579784393727e-09;8.674850993004702;982.999999999251 
 1.3702685307955024e-09;12.183438101596254;983.9999999992501 
 6.37298975433906e-10;17.108667589621646;984.9999999992492 
 3.5329228940334293e-10;24.02017955882033;985.9999999992483 
 2.505562842616652e-10;33.714398264828674;986.9999999992474 
 2.510032767069535e-10;47.302632644223124;987.9999999992465 
 4.07955944321952e-10;66.33130867357364;988.9999999992456 
 1.305151895368449e-09;92.94405502917985;989.9999999992447 
 1.075663985460385e-08;130.09637074870597;990.9999999992438 
 3.31669820761717e-07;181.83262115167645;991.9999999992428 
 6.402047568256329e-05;253.6296445446577;992.9999999992419 
 0.1565229164368954;352.6250491249652;993.999999999241 
 338.1341396284139;22.181900124269593;994.9999999992401 
 106.51896547974194;0.062019327647100414;995.9999999992392 
 31.75124167279688;0.01358085943714319;996.9999999992383 
 9.534755024655269;0.010941671544241693;997.9999999992374 
 2.86994932356835;0.013005820235729054;998.9999999992365 
 0.8645403406739047;0.017375409723819957;999.9999999992356 
